{
 "cells": [
  {
   "cell_type": "code",
   "execution_count": 205,
   "metadata": {
    "collapsed": false
   },
   "outputs": [],
   "source": [
    "import numpy as np\n",
    "import pandas as pd\n",
    "import collections\n",
    "from random import shuffle, randint\n",
    "\n",
    "from sklearn.cross_validation import train_test_split\n",
    "from sklearn.metrics import confusion_matrix"
   ]
  },
  {
   "cell_type": "code",
   "execution_count": 206,
   "metadata": {
    "collapsed": false
   },
   "outputs": [
    {
     "data": {
      "text/html": [
       "<div>\n",
       "<table border=\"1\" class=\"dataframe\">\n",
       "  <thead>\n",
       "    <tr style=\"text-align: right;\">\n",
       "      <th></th>\n",
       "      <th>0</th>\n",
       "      <th>1</th>\n",
       "      <th>2</th>\n",
       "      <th>3</th>\n",
       "      <th>4</th>\n",
       "      <th>5</th>\n",
       "      <th>6</th>\n",
       "      <th>7</th>\n",
       "      <th>8</th>\n",
       "      <th>9</th>\n",
       "      <th>10</th>\n",
       "      <th>11</th>\n",
       "      <th>12</th>\n",
       "      <th>13</th>\n",
       "    </tr>\n",
       "  </thead>\n",
       "  <tbody>\n",
       "    <tr>\n",
       "      <th>0</th>\n",
       "      <td>1</td>\n",
       "      <td>14.23</td>\n",
       "      <td>1.71</td>\n",
       "      <td>2.43</td>\n",
       "      <td>15.6</td>\n",
       "      <td>127</td>\n",
       "      <td>2.80</td>\n",
       "      <td>3.06</td>\n",
       "      <td>0.28</td>\n",
       "      <td>2.29</td>\n",
       "      <td>5.64</td>\n",
       "      <td>1.04</td>\n",
       "      <td>3.92</td>\n",
       "      <td>1065</td>\n",
       "    </tr>\n",
       "    <tr>\n",
       "      <th>1</th>\n",
       "      <td>1</td>\n",
       "      <td>13.20</td>\n",
       "      <td>1.78</td>\n",
       "      <td>2.14</td>\n",
       "      <td>11.2</td>\n",
       "      <td>100</td>\n",
       "      <td>2.65</td>\n",
       "      <td>2.76</td>\n",
       "      <td>0.26</td>\n",
       "      <td>1.28</td>\n",
       "      <td>4.38</td>\n",
       "      <td>1.05</td>\n",
       "      <td>3.40</td>\n",
       "      <td>1050</td>\n",
       "    </tr>\n",
       "    <tr>\n",
       "      <th>2</th>\n",
       "      <td>1</td>\n",
       "      <td>13.16</td>\n",
       "      <td>2.36</td>\n",
       "      <td>2.67</td>\n",
       "      <td>18.6</td>\n",
       "      <td>101</td>\n",
       "      <td>2.80</td>\n",
       "      <td>3.24</td>\n",
       "      <td>0.30</td>\n",
       "      <td>2.81</td>\n",
       "      <td>5.68</td>\n",
       "      <td>1.03</td>\n",
       "      <td>3.17</td>\n",
       "      <td>1185</td>\n",
       "    </tr>\n",
       "    <tr>\n",
       "      <th>3</th>\n",
       "      <td>1</td>\n",
       "      <td>14.37</td>\n",
       "      <td>1.95</td>\n",
       "      <td>2.50</td>\n",
       "      <td>16.8</td>\n",
       "      <td>113</td>\n",
       "      <td>3.85</td>\n",
       "      <td>3.49</td>\n",
       "      <td>0.24</td>\n",
       "      <td>2.18</td>\n",
       "      <td>7.80</td>\n",
       "      <td>0.86</td>\n",
       "      <td>3.45</td>\n",
       "      <td>1480</td>\n",
       "    </tr>\n",
       "    <tr>\n",
       "      <th>4</th>\n",
       "      <td>1</td>\n",
       "      <td>13.24</td>\n",
       "      <td>2.59</td>\n",
       "      <td>2.87</td>\n",
       "      <td>21.0</td>\n",
       "      <td>118</td>\n",
       "      <td>2.80</td>\n",
       "      <td>2.69</td>\n",
       "      <td>0.39</td>\n",
       "      <td>1.82</td>\n",
       "      <td>4.32</td>\n",
       "      <td>1.04</td>\n",
       "      <td>2.93</td>\n",
       "      <td>735</td>\n",
       "    </tr>\n",
       "  </tbody>\n",
       "</table>\n",
       "</div>"
      ],
      "text/plain": [
       "   0      1     2     3     4    5     6     7     8     9     10    11    12  \\\n",
       "0   1  14.23  1.71  2.43  15.6  127  2.80  3.06  0.28  2.29  5.64  1.04  3.92   \n",
       "1   1  13.20  1.78  2.14  11.2  100  2.65  2.76  0.26  1.28  4.38  1.05  3.40   \n",
       "2   1  13.16  2.36  2.67  18.6  101  2.80  3.24  0.30  2.81  5.68  1.03  3.17   \n",
       "3   1  14.37  1.95  2.50  16.8  113  3.85  3.49  0.24  2.18  7.80  0.86  3.45   \n",
       "4   1  13.24  2.59  2.87  21.0  118  2.80  2.69  0.39  1.82  4.32  1.04  2.93   \n",
       "\n",
       "     13  \n",
       "0  1065  \n",
       "1  1050  \n",
       "2  1185  \n",
       "3  1480  \n",
       "4   735  "
      ]
     },
     "execution_count": 206,
     "metadata": {},
     "output_type": "execute_result"
    }
   ],
   "source": [
    "#read in csv file\n",
    "data = pd.read_csv(\"wine.csv\", header=None)\n",
    "trainPercent = 40 #must be between 0 and 100\n",
    "lmbda = .00001\n",
    "numberRowsOfClass1 = 59\n",
    "numberRowsOfClass2 = 71\n",
    "numberRowsOfClass3 = 48\n",
    "data.head() #look at first 5 rows of the data"
   ]
  },
  {
   "cell_type": "code",
   "execution_count": 207,
   "metadata": {
    "collapsed": false
   },
   "outputs": [
    {
     "data": {
      "text/html": [
       "<div>\n",
       "<table border=\"1\" class=\"dataframe\">\n",
       "  <thead>\n",
       "    <tr style=\"text-align: right;\">\n",
       "      <th></th>\n",
       "      <th>1</th>\n",
       "      <th>2</th>\n",
       "      <th>3</th>\n",
       "      <th>4</th>\n",
       "      <th>5</th>\n",
       "      <th>6</th>\n",
       "      <th>7</th>\n",
       "      <th>8</th>\n",
       "      <th>9</th>\n",
       "      <th>10</th>\n",
       "      <th>11</th>\n",
       "      <th>12</th>\n",
       "      <th>13</th>\n",
       "    </tr>\n",
       "  </thead>\n",
       "  <tbody>\n",
       "    <tr>\n",
       "      <th>0</th>\n",
       "      <td>14.23</td>\n",
       "      <td>1.71</td>\n",
       "      <td>2.43</td>\n",
       "      <td>15.6</td>\n",
       "      <td>127</td>\n",
       "      <td>2.80</td>\n",
       "      <td>3.06</td>\n",
       "      <td>0.28</td>\n",
       "      <td>2.29</td>\n",
       "      <td>5.64</td>\n",
       "      <td>1.04</td>\n",
       "      <td>3.92</td>\n",
       "      <td>1065</td>\n",
       "    </tr>\n",
       "    <tr>\n",
       "      <th>1</th>\n",
       "      <td>13.20</td>\n",
       "      <td>1.78</td>\n",
       "      <td>2.14</td>\n",
       "      <td>11.2</td>\n",
       "      <td>100</td>\n",
       "      <td>2.65</td>\n",
       "      <td>2.76</td>\n",
       "      <td>0.26</td>\n",
       "      <td>1.28</td>\n",
       "      <td>4.38</td>\n",
       "      <td>1.05</td>\n",
       "      <td>3.40</td>\n",
       "      <td>1050</td>\n",
       "    </tr>\n",
       "    <tr>\n",
       "      <th>2</th>\n",
       "      <td>13.16</td>\n",
       "      <td>2.36</td>\n",
       "      <td>2.67</td>\n",
       "      <td>18.6</td>\n",
       "      <td>101</td>\n",
       "      <td>2.80</td>\n",
       "      <td>3.24</td>\n",
       "      <td>0.30</td>\n",
       "      <td>2.81</td>\n",
       "      <td>5.68</td>\n",
       "      <td>1.03</td>\n",
       "      <td>3.17</td>\n",
       "      <td>1185</td>\n",
       "    </tr>\n",
       "    <tr>\n",
       "      <th>3</th>\n",
       "      <td>14.37</td>\n",
       "      <td>1.95</td>\n",
       "      <td>2.50</td>\n",
       "      <td>16.8</td>\n",
       "      <td>113</td>\n",
       "      <td>3.85</td>\n",
       "      <td>3.49</td>\n",
       "      <td>0.24</td>\n",
       "      <td>2.18</td>\n",
       "      <td>7.80</td>\n",
       "      <td>0.86</td>\n",
       "      <td>3.45</td>\n",
       "      <td>1480</td>\n",
       "    </tr>\n",
       "    <tr>\n",
       "      <th>4</th>\n",
       "      <td>13.24</td>\n",
       "      <td>2.59</td>\n",
       "      <td>2.87</td>\n",
       "      <td>21.0</td>\n",
       "      <td>118</td>\n",
       "      <td>2.80</td>\n",
       "      <td>2.69</td>\n",
       "      <td>0.39</td>\n",
       "      <td>1.82</td>\n",
       "      <td>4.32</td>\n",
       "      <td>1.04</td>\n",
       "      <td>2.93</td>\n",
       "      <td>735</td>\n",
       "    </tr>\n",
       "  </tbody>\n",
       "</table>\n",
       "</div>"
      ],
      "text/plain": [
       "      1     2     3     4    5     6     7     8     9     10    11    12  \\\n",
       "0  14.23  1.71  2.43  15.6  127  2.80  3.06  0.28  2.29  5.64  1.04  3.92   \n",
       "1  13.20  1.78  2.14  11.2  100  2.65  2.76  0.26  1.28  4.38  1.05  3.40   \n",
       "2  13.16  2.36  2.67  18.6  101  2.80  3.24  0.30  2.81  5.68  1.03  3.17   \n",
       "3  14.37  1.95  2.50  16.8  113  3.85  3.49  0.24  2.18  7.80  0.86  3.45   \n",
       "4  13.24  2.59  2.87  21.0  118  2.80  2.69  0.39  1.82  4.32  1.04  2.93   \n",
       "\n",
       "     13  \n",
       "0  1065  \n",
       "1  1050  \n",
       "2  1185  \n",
       "3  1480  \n",
       "4   735  "
      ]
     },
     "execution_count": 207,
     "metadata": {},
     "output_type": "execute_result"
    }
   ],
   "source": [
    "#Grab desired inputs to test one. Build a dataframe from them.\n",
    "dataInputs= data.loc[:,1:13]\n",
    "dataInputs.head()"
   ]
  },
  {
   "cell_type": "code",
   "execution_count": 208,
   "metadata": {
    "collapsed": false
   },
   "outputs": [
    {
     "data": {
      "text/plain": [
       "array([[1, 0, 0],\n",
       "       [1, 0, 0],\n",
       "       [1, 0, 0],\n",
       "       [1, 0, 0],\n",
       "       [1, 0, 0],\n",
       "       [1, 0, 0],\n",
       "       [1, 0, 0],\n",
       "       [1, 0, 0],\n",
       "       [1, 0, 0],\n",
       "       [1, 0, 0],\n",
       "       [1, 0, 0],\n",
       "       [1, 0, 0],\n",
       "       [1, 0, 0],\n",
       "       [1, 0, 0],\n",
       "       [1, 0, 0],\n",
       "       [1, 0, 0],\n",
       "       [1, 0, 0],\n",
       "       [1, 0, 0],\n",
       "       [1, 0, 0],\n",
       "       [1, 0, 0],\n",
       "       [1, 0, 0],\n",
       "       [1, 0, 0],\n",
       "       [1, 0, 0],\n",
       "       [1, 0, 0],\n",
       "       [1, 0, 0],\n",
       "       [1, 0, 0],\n",
       "       [1, 0, 0],\n",
       "       [1, 0, 0],\n",
       "       [1, 0, 0],\n",
       "       [1, 0, 0],\n",
       "       [1, 0, 0],\n",
       "       [1, 0, 0],\n",
       "       [1, 0, 0],\n",
       "       [1, 0, 0],\n",
       "       [1, 0, 0],\n",
       "       [1, 0, 0],\n",
       "       [1, 0, 0],\n",
       "       [1, 0, 0],\n",
       "       [1, 0, 0],\n",
       "       [1, 0, 0],\n",
       "       [1, 0, 0],\n",
       "       [1, 0, 0],\n",
       "       [1, 0, 0],\n",
       "       [1, 0, 0],\n",
       "       [1, 0, 0],\n",
       "       [1, 0, 0],\n",
       "       [1, 0, 0],\n",
       "       [1, 0, 0],\n",
       "       [1, 0, 0],\n",
       "       [1, 0, 0],\n",
       "       [1, 0, 0],\n",
       "       [1, 0, 0],\n",
       "       [1, 0, 0],\n",
       "       [1, 0, 0],\n",
       "       [1, 0, 0],\n",
       "       [1, 0, 0],\n",
       "       [1, 0, 0],\n",
       "       [1, 0, 0],\n",
       "       [1, 0, 0],\n",
       "       [0, 1, 0],\n",
       "       [0, 1, 0],\n",
       "       [0, 1, 0],\n",
       "       [0, 1, 0],\n",
       "       [0, 1, 0],\n",
       "       [0, 1, 0],\n",
       "       [0, 1, 0],\n",
       "       [0, 1, 0],\n",
       "       [0, 1, 0],\n",
       "       [0, 1, 0],\n",
       "       [0, 1, 0],\n",
       "       [0, 1, 0],\n",
       "       [0, 1, 0],\n",
       "       [0, 1, 0],\n",
       "       [0, 1, 0],\n",
       "       [0, 1, 0],\n",
       "       [0, 1, 0],\n",
       "       [0, 1, 0],\n",
       "       [0, 1, 0],\n",
       "       [0, 1, 0],\n",
       "       [0, 1, 0],\n",
       "       [0, 1, 0],\n",
       "       [0, 1, 0],\n",
       "       [0, 1, 0],\n",
       "       [0, 1, 0],\n",
       "       [0, 1, 0],\n",
       "       [0, 1, 0],\n",
       "       [0, 1, 0],\n",
       "       [0, 1, 0],\n",
       "       [0, 1, 0],\n",
       "       [0, 1, 0],\n",
       "       [0, 1, 0],\n",
       "       [0, 1, 0],\n",
       "       [0, 1, 0],\n",
       "       [0, 1, 0],\n",
       "       [0, 1, 0],\n",
       "       [0, 1, 0],\n",
       "       [0, 1, 0],\n",
       "       [0, 1, 0],\n",
       "       [0, 1, 0],\n",
       "       [0, 1, 0],\n",
       "       [0, 1, 0],\n",
       "       [0, 1, 0],\n",
       "       [0, 1, 0],\n",
       "       [0, 1, 0],\n",
       "       [0, 1, 0],\n",
       "       [0, 1, 0],\n",
       "       [0, 1, 0],\n",
       "       [0, 1, 0],\n",
       "       [0, 1, 0],\n",
       "       [0, 1, 0],\n",
       "       [0, 1, 0],\n",
       "       [0, 1, 0],\n",
       "       [0, 1, 0],\n",
       "       [0, 1, 0],\n",
       "       [0, 1, 0],\n",
       "       [0, 1, 0],\n",
       "       [0, 1, 0],\n",
       "       [0, 1, 0],\n",
       "       [0, 1, 0],\n",
       "       [0, 1, 0],\n",
       "       [0, 1, 0],\n",
       "       [0, 1, 0],\n",
       "       [0, 1, 0],\n",
       "       [0, 1, 0],\n",
       "       [0, 1, 0],\n",
       "       [0, 1, 0],\n",
       "       [0, 1, 0],\n",
       "       [0, 1, 0],\n",
       "       [0, 1, 0],\n",
       "       [0, 1, 0],\n",
       "       [0, 0, 1],\n",
       "       [0, 0, 1],\n",
       "       [0, 0, 1],\n",
       "       [0, 0, 1],\n",
       "       [0, 0, 1],\n",
       "       [0, 0, 1],\n",
       "       [0, 0, 1],\n",
       "       [0, 0, 1],\n",
       "       [0, 0, 1],\n",
       "       [0, 0, 1],\n",
       "       [0, 0, 1],\n",
       "       [0, 0, 1],\n",
       "       [0, 0, 1],\n",
       "       [0, 0, 1],\n",
       "       [0, 0, 1],\n",
       "       [0, 0, 1],\n",
       "       [0, 0, 1],\n",
       "       [0, 0, 1],\n",
       "       [0, 0, 1],\n",
       "       [0, 0, 1],\n",
       "       [0, 0, 1],\n",
       "       [0, 0, 1],\n",
       "       [0, 0, 1],\n",
       "       [0, 0, 1],\n",
       "       [0, 0, 1],\n",
       "       [0, 0, 1],\n",
       "       [0, 0, 1],\n",
       "       [0, 0, 1],\n",
       "       [0, 0, 1],\n",
       "       [0, 0, 1],\n",
       "       [0, 0, 1],\n",
       "       [0, 0, 1],\n",
       "       [0, 0, 1],\n",
       "       [0, 0, 1],\n",
       "       [0, 0, 1],\n",
       "       [0, 0, 1],\n",
       "       [0, 0, 1],\n",
       "       [0, 0, 1],\n",
       "       [0, 0, 1],\n",
       "       [0, 0, 1],\n",
       "       [0, 0, 1],\n",
       "       [0, 0, 1],\n",
       "       [0, 0, 1],\n",
       "       [0, 0, 1],\n",
       "       [0, 0, 1],\n",
       "       [0, 0, 1],\n",
       "       [0, 0, 1],\n",
       "       [0, 0, 1]])"
      ]
     },
     "execution_count": 208,
     "metadata": {},
     "output_type": "execute_result"
    }
   ],
   "source": [
    "#Grab the expected outputs. (This is supervised learning)\n",
    "y1=[]\n",
    "y2=[]\n",
    "y3=[]\n",
    "for i in range(0,numberRowsOfClass1):\n",
    "    y1.append([1,0,0]);#class1\n",
    "for j in range(0, numberRowsOfClass2):\n",
    "    y2.append([0,1,0]);#class2\n",
    "for k in range(0, numberRowsOfClass3):\n",
    "    y3.append([0,0,1]);#Class3\n",
    "expectedOutput=np.concatenate([y1,y2,y3])\n",
    "expectedOutput"
   ]
  },
  {
   "cell_type": "code",
   "execution_count": 209,
   "metadata": {
    "collapsed": false
   },
   "outputs": [
    {
     "name": "stdout",
     "output_type": "stream",
     "text": [
      "(71, 13)\n",
      "(71, 3)\n",
      "(107, 13)\n",
      "(107, 3)\n",
      "[[ 0  0  1 31]\n",
      " [ 1  0  0 36]\n",
      " [ 0  1  0 40]]\n",
      "36\n",
      "40\n",
      "31\n"
     ]
    }
   ],
   "source": [
    "#Hint: use train_test_split\n",
    "inputTrain, inputTest, expectedOutputTrain, expectedOutputTest = train_test_split(dataInputs, expectedOutput, train_size = trainPercent/100)\n",
    "\n",
    "#inputTest.head()\n",
    "print(inputTrain.shape)\n",
    "print(expectedOutputTrain.shape)\n",
    "print(inputTest.shape)\n",
    "print(expectedOutputTest.shape)\n",
    "d = collections.OrderedDict()\n",
    "for a in expectedOutputTest:\n",
    "    t = tuple(a)\n",
    "    if t in d:\n",
    "        d[t] += 1\n",
    "    else:\n",
    "        d[t] = 1\n",
    "\n",
    "result = []\n",
    "for (key, value) in d.items():\n",
    "    result.append(list(key) + [value])\n",
    "\n",
    "B = np.asarray(result)\n",
    "print(B)\n",
    "for Bi in B:\n",
    "    if Bi[0] == 1:\n",
    "        class1Total = Bi[3]\n",
    "    elif Bi[1] == 1:\n",
    "        class2Total = Bi[3]\n",
    "    elif Bi[2] == 1:\n",
    "        class3Total = Bi[3]\n",
    "    \n",
    "print(class1Total)\n",
    "print(class2Total)\n",
    "print(class3Total)"
   ]
  },
  {
   "cell_type": "code",
   "execution_count": 210,
   "metadata": {
    "collapsed": true
   },
   "outputs": [],
   "source": [
    "#Build our least squares classifier for 2 classes\n",
    "D = inputTrain.shape[1] + 1 #num of attributes, +1 is for the intercept (column of 1s)\n",
    "K = expectedOutput.shape[1]"
   ]
  },
  {
   "cell_type": "code",
   "execution_count": 211,
   "metadata": {
    "collapsed": false
   },
   "outputs": [
    {
     "data": {
      "text/plain": [
       "array([[  1.00000000e+00,   1.31600000e+01,   2.36000000e+00,\n",
       "          2.67000000e+00,   1.86000000e+01,   1.01000000e+02,\n",
       "          2.80000000e+00,   3.24000000e+00,   3.00000000e-01,\n",
       "          2.81000000e+00,   5.68000000e+00,   1.03000000e+00,\n",
       "          3.17000000e+00,   1.18500000e+03]])"
      ]
     },
     "execution_count": 211,
     "metadata": {},
     "output_type": "execute_result"
    }
   ],
   "source": [
    "expectedOutputTrain = np.asarray(expectedOutputTrain)\n",
    "expectedOutputTest = np.asarray(expectedOutputTest)\n",
    "inputTrain = np.asarray(inputTrain)\n",
    "inputTest = np.asarray(inputTest)\n",
    "p = np.append(1, inputTrain[0])\n",
    "p.shape\n",
    "p.reshape(1,D)"
   ]
  },
  {
   "cell_type": "code",
   "execution_count": 212,
   "metadata": {
    "collapsed": false
   },
   "outputs": [
    {
     "name": "stdout",
     "output_type": "stream",
     "text": [
      "[[  7.10000100e+01   9.24170010e+02   1.67230010e+02   1.66890010e+02\n",
      "    1.37700001e+03   7.14700001e+03   1.67850010e+02   1.50940010e+02\n",
      "    2.52500100e+01   1.19650010e+02   3.46600010e+02   6.80700100e+01\n",
      "    1.91040010e+02   5.32010000e+04]\n",
      " [  9.24170010e+02   1.20821427e+04   2.18027581e+03   2.17444441e+03\n",
      "    1.78252900e+04   9.33074800e+04   2.19789341e+03   1.98408581e+03\n",
      "    3.27643210e+02   1.56397881e+03   4.58262621e+03   8.86786410e+02\n",
      "    2.48986851e+03   7.05244920e+05]\n",
      " [  1.67230010e+02   2.18027581e+03   4.79717110e+02   3.98412010e+02\n",
      "    3.31594901e+03   1.68743100e+04   3.77738910e+02   3.22552510e+02\n",
      "    6.21349100e+01   2.68676210e+02   8.53245110e+02   1.51003510e+02\n",
      "    4.27597210e+02   1.21932860e+05]\n",
      " [  1.66890010e+02   2.17444441e+03   3.98412010e+02   3.96507310e+02\n",
      "    3.25732201e+03   1.68761900e+04   3.94696710e+02   3.54610010e+02\n",
      "    5.96954100e+01   2.81004510e+02   8.22565610e+02   1.59225110e+02\n",
      "    4.47013110e+02   1.26186920e+05]\n",
      " [  1.37700001e+03   1.78252900e+04   3.31594901e+03   3.25732201e+03\n",
      "    2.76162800e+04   1.38197500e+05   3.18542501e+03   2.81373201e+03\n",
      "    4.99068010e+02   2.27690901e+03   6.64972901e+03   1.30415401e+03\n",
      "    3.64779401e+03   9.96412600e+05]\n",
      " [  7.14700001e+03   9.33074800e+04   1.68743100e+04   1.68761900e+04\n",
      "    1.38197500e+05   7.35033000e+05   1.69803700e+04   1.53061600e+04\n",
      "    2.48931001e+03   1.21023000e+04   3.52879200e+04   6.86711001e+03\n",
      "    1.92994100e+04   5.48831800e+06]\n",
      " [  1.67850010e+02   2.19789341e+03   3.77738910e+02   3.94696710e+02\n",
      "    3.18542501e+03   1.69803700e+04   4.25129110e+02   3.96367810e+02\n",
      "    5.71288100e+01   2.99404110e+02   8.21033610e+02   1.65614310e+02\n",
      "    4.73219010e+02   1.32142490e+05]\n",
      " [  1.50940010e+02   1.98408581e+03   3.22552510e+02   3.54610010e+02\n",
      "    2.81373201e+03   1.53061600e+04   3.96367810e+02   3.90992410e+02\n",
      "    4.83642100e+01   2.83939710e+02   7.24890910e+02   1.52744810e+02\n",
      "    4.43836710e+02   1.23069060e+05]\n",
      " [  2.52500100e+01   3.27643210e+02   6.21349100e+01   5.96954100e+01\n",
      "    4.99068010e+02   2.48931001e+03   5.71288100e+01   4.83642100e+01\n",
      "    1.02449100e+01   4.01738100e+01   1.25769310e+02   2.37360100e+01\n",
      "    6.39923100e+01   1.83181900e+04]\n",
      " [  1.19650010e+02   1.56397881e+03   2.68676210e+02   2.81004510e+02\n",
      "    2.27690901e+03   1.21023000e+04   2.99404110e+02   2.83939710e+02\n",
      "    4.01738100e+01   2.26450710e+02   5.88380410e+02   1.17489410e+02\n",
      "    3.39083310e+02   9.40389500e+04]\n",
      " [  3.46600010e+02   4.58262621e+03   8.53245110e+02   8.22565610e+02\n",
      "    6.64972901e+03   3.52879200e+04   8.21033610e+02   7.24890910e+02\n",
      "    1.25769310e+02   5.88380410e+02   2.03038721e+03   3.18113210e+02\n",
      "    8.90562110e+02   2.80276010e+05]\n",
      " [  6.80700100e+01   8.86786410e+02   1.51003510e+02   1.59225110e+02\n",
      "    1.30415401e+03   6.86711001e+03   1.65614310e+02   1.52744810e+02\n",
      "    2.37360100e+01   1.17489410e+02   3.18113210e+02   6.85165100e+01\n",
      "    1.88676210e+02   5.22481800e+04]\n",
      " [  1.91040010e+02   2.48986851e+03   4.27597210e+02   4.47013110e+02\n",
      "    3.64779401e+03   1.92994100e+04   4.73219010e+02   4.43836710e+02\n",
      "    6.39923100e+01   3.39083310e+02   8.90562110e+02   1.88676210e+02\n",
      "    5.49209010e+02   1.46612160e+05]\n",
      " [  5.32010000e+04   7.05244920e+05   1.21932860e+05   1.26186920e+05\n",
      "    9.96412600e+05   5.48831800e+06   1.32142490e+05   1.23069060e+05\n",
      "    1.83181900e+04   9.40389500e+04   2.80276010e+05   5.22481800e+04\n",
      "    1.46612160e+05   4.63609490e+07]]\n",
      "[[  2.30000000e+01   3.10000000e+01   1.70000000e+01]\n",
      " [  3.20150000e+02   3.81380000e+02   2.22640000e+02]\n",
      " [  4.89400000e+01   5.77400000e+01   6.05500000e+01]\n",
      " [  5.54100000e+01   7.02000000e+01   4.12800000e+01]\n",
      " [  3.73200000e+02   6.38800000e+02   3.65000000e+02]\n",
      " [  2.50100000e+03   2.95500000e+03   1.69100000e+03]\n",
      " [  6.70300000e+01   7.21400000e+01   2.86800000e+01]\n",
      " [  7.08600000e+01   6.64700000e+01   1.36100000e+01]\n",
      " [  6.64000000e+00   1.07200000e+01   7.89000000e+00]\n",
      " [  4.77500000e+01   5.19900000e+01   1.99100000e+01]\n",
      " [  1.31460000e+02   9.46700000e+01   1.20470000e+02]\n",
      " [  2.41000000e+01   3.20500000e+01   1.19200000e+01]\n",
      " [  7.29800000e+01   8.97000000e+01   2.83600000e+01]\n",
      " [  2.51670000e+04   1.66790000e+04   1.13550000e+04]]\n"
     ]
    }
   ],
   "source": [
    "sum1 = 0\n",
    "sum2 = 0\n",
    "numRows = inputTrain.shape[0]\n",
    "new_col = np.ones((numRows,1))\n",
    "x = np.c_[new_col, inputTrain]\n",
    "sum1 = np.dot(x.T, x) + lmbda\n",
    "sum2 = np.dot(x.T, expectedOutputTrain)\n",
    "print(sum1)\n",
    "print(sum2)"
   ]
  },
  {
   "cell_type": "code",
   "execution_count": 213,
   "metadata": {
    "collapsed": false
   },
   "outputs": [
    {
     "data": {
      "text/plain": [
       "array([[ -2.84970046e+00,   3.38172419e+00,   4.67899289e-01],\n",
       "       [  1.61506993e-01,  -1.81998277e-01,   2.04966495e-02],\n",
       "       [  2.41877064e-02,  -1.17301732e-01,   9.31133981e-02],\n",
       "       [  2.27459336e-01,  -2.22078382e-01,  -5.37935930e-03],\n",
       "       [ -3.38352767e-02,   2.52716149e-02,   8.56421655e-03],\n",
       "       [  3.29232760e-03,  -1.19380277e-04,  -3.17293728e-03],\n",
       "       [ -1.55128911e-01,   1.49322763e-02,   1.40198432e-01],\n",
       "       [  2.06928515e-01,   6.95698283e-02,  -2.76500774e-01],\n",
       "       [  4.09365871e-01,   5.56078689e-02,  -4.64981573e-01],\n",
       "       [ -1.55123900e-02,  -3.61010210e-03,   1.91235883e-02],\n",
       "       [ -5.88469639e-03,  -6.39861718e-02,   6.98703246e-02],\n",
       "       [ -1.70481680e-01,   1.94444385e-01,  -2.39627457e-02],\n",
       "       [  1.68036184e-01,   1.47254259e-02,  -1.82761081e-01],\n",
       "       [  4.69746913e-04,  -4.89138265e-04,   1.93861273e-05]])"
      ]
     },
     "execution_count": 213,
     "metadata": {},
     "output_type": "execute_result"
    }
   ],
   "source": [
    "W= np.dot(np.linalg.inv(sum1), sum2)\n",
    "#W = np.array(W)[np.newaxis]\n",
    "W"
   ]
  },
  {
   "cell_type": "code",
   "execution_count": 214,
   "metadata": {
    "collapsed": true
   },
   "outputs": [],
   "source": [
    "#testing\n",
    "total = expectedOutputTest.shape[0]\n",
    "predicted = np.zeros((total, K))\n",
    "i=0\n",
    "class1Correct=class2Correct=totalCorrect=class3Correct=0\n",
    "correctPredictionCol = [0]*total"
   ]
  },
  {
   "cell_type": "code",
   "execution_count": 215,
   "metadata": {
    "collapsed": false
   },
   "outputs": [
    {
     "name": "stdout",
     "output_type": "stream",
     "text": [
      "105\n",
      "class1 misclassification error =  0.0\n",
      "class2 misclassification error =  2.5\n",
      "class3 misclassification error =  3.225806451612897\n",
      "total misclassification error =  1.8691588785046775\n",
      "107\n"
     ]
    }
   ],
   "source": [
    "for i in range(total):\n",
    "    x = inputTest[i]    \n",
    "    x = np.append(1,x)\n",
    "    x = x.reshape(1,D)\n",
    "    values = np.dot(W.T,x.T)\n",
    "    values = values.T\n",
    "    values = values.flatten()\n",
    "    maxIndex = np.argmax(values)\n",
    "    if expectedOutputTest[i][maxIndex] == 1:\n",
    "        if maxIndex == 0:\n",
    "            class1Correct += 1\n",
    "        elif maxIndex == 1:\n",
    "            class2Correct += 1\n",
    "        elif maxIndex == 2:\n",
    "            class3Correct += 1\n",
    "        correctPredictionCol[i] = 1\n",
    "    predicted[i][maxIndex] = 1\n",
    "totalCorrect = class1Correct + class2Correct + class3Correct\n",
    "print(totalCorrect)\n",
    "totalAccuracy=totalCorrect/float(total)*100\n",
    "class1Accuracy = class1Correct/float(class1Total)*100\n",
    "class2Accuracy = class2Correct/float(class2Total)*100\n",
    "class3Accuracy = class3Correct/float(class3Total)*100\n",
    "print(\"class1 misclassification error = \", 100 - class1Accuracy)\n",
    "print(\"class2 misclassification error = \", 100 - class2Accuracy)\n",
    "print(\"class3 misclassification error = \", 100 - class3Accuracy)\n",
    "print(\"total misclassification error = \", 100 - totalAccuracy)\n",
    "print(total)"
   ]
  }
 ],
 "metadata": {
  "kernelspec": {
   "display_name": "Python 3",
   "language": "python",
   "name": "python3"
  },
  "language_info": {
   "codemirror_mode": {
    "name": "ipython",
    "version": 3
   },
   "file_extension": ".py",
   "mimetype": "text/x-python",
   "name": "python",
   "nbconvert_exporter": "python",
   "pygments_lexer": "ipython3",
   "version": "3.6.0"
  }
 },
 "nbformat": 4,
 "nbformat_minor": 2
}
