{
 "cells": [
  {
   "cell_type": "code",
   "execution_count": 139,
   "metadata": {
    "collapsed": false
   },
   "outputs": [],
   "source": [
    "import numpy as np\n",
    "import pandas as pd\n",
    "import collections\n",
    "from random import shuffle, randint\n",
    "\n",
    "from sklearn.cross_validation import train_test_split\n",
    "from sklearn.metrics import confusion_matrix"
   ]
  },
  {
   "cell_type": "code",
   "execution_count": 140,
   "metadata": {
    "collapsed": false
   },
   "outputs": [
    {
     "data": {
      "text/html": [
       "<div>\n",
       "<table border=\"1\" class=\"dataframe\">\n",
       "  <thead>\n",
       "    <tr style=\"text-align: right;\">\n",
       "      <th></th>\n",
       "      <th>0</th>\n",
       "      <th>1</th>\n",
       "      <th>2</th>\n",
       "      <th>3</th>\n",
       "      <th>4</th>\n",
       "      <th>5</th>\n",
       "      <th>6</th>\n",
       "      <th>7</th>\n",
       "      <th>8</th>\n",
       "      <th>9</th>\n",
       "      <th>10</th>\n",
       "      <th>11</th>\n",
       "      <th>12</th>\n",
       "      <th>13</th>\n",
       "    </tr>\n",
       "  </thead>\n",
       "  <tbody>\n",
       "    <tr>\n",
       "      <th>0</th>\n",
       "      <td>1</td>\n",
       "      <td>14.23</td>\n",
       "      <td>1.71</td>\n",
       "      <td>2.43</td>\n",
       "      <td>15.6</td>\n",
       "      <td>127</td>\n",
       "      <td>2.80</td>\n",
       "      <td>3.06</td>\n",
       "      <td>0.28</td>\n",
       "      <td>2.29</td>\n",
       "      <td>5.64</td>\n",
       "      <td>1.04</td>\n",
       "      <td>3.92</td>\n",
       "      <td>1065</td>\n",
       "    </tr>\n",
       "    <tr>\n",
       "      <th>1</th>\n",
       "      <td>1</td>\n",
       "      <td>13.20</td>\n",
       "      <td>1.78</td>\n",
       "      <td>2.14</td>\n",
       "      <td>11.2</td>\n",
       "      <td>100</td>\n",
       "      <td>2.65</td>\n",
       "      <td>2.76</td>\n",
       "      <td>0.26</td>\n",
       "      <td>1.28</td>\n",
       "      <td>4.38</td>\n",
       "      <td>1.05</td>\n",
       "      <td>3.40</td>\n",
       "      <td>1050</td>\n",
       "    </tr>\n",
       "    <tr>\n",
       "      <th>2</th>\n",
       "      <td>1</td>\n",
       "      <td>13.16</td>\n",
       "      <td>2.36</td>\n",
       "      <td>2.67</td>\n",
       "      <td>18.6</td>\n",
       "      <td>101</td>\n",
       "      <td>2.80</td>\n",
       "      <td>3.24</td>\n",
       "      <td>0.30</td>\n",
       "      <td>2.81</td>\n",
       "      <td>5.68</td>\n",
       "      <td>1.03</td>\n",
       "      <td>3.17</td>\n",
       "      <td>1185</td>\n",
       "    </tr>\n",
       "    <tr>\n",
       "      <th>3</th>\n",
       "      <td>1</td>\n",
       "      <td>14.37</td>\n",
       "      <td>1.95</td>\n",
       "      <td>2.50</td>\n",
       "      <td>16.8</td>\n",
       "      <td>113</td>\n",
       "      <td>3.85</td>\n",
       "      <td>3.49</td>\n",
       "      <td>0.24</td>\n",
       "      <td>2.18</td>\n",
       "      <td>7.80</td>\n",
       "      <td>0.86</td>\n",
       "      <td>3.45</td>\n",
       "      <td>1480</td>\n",
       "    </tr>\n",
       "    <tr>\n",
       "      <th>4</th>\n",
       "      <td>1</td>\n",
       "      <td>13.24</td>\n",
       "      <td>2.59</td>\n",
       "      <td>2.87</td>\n",
       "      <td>21.0</td>\n",
       "      <td>118</td>\n",
       "      <td>2.80</td>\n",
       "      <td>2.69</td>\n",
       "      <td>0.39</td>\n",
       "      <td>1.82</td>\n",
       "      <td>4.32</td>\n",
       "      <td>1.04</td>\n",
       "      <td>2.93</td>\n",
       "      <td>735</td>\n",
       "    </tr>\n",
       "  </tbody>\n",
       "</table>\n",
       "</div>"
      ],
      "text/plain": [
       "   0      1     2     3     4    5     6     7     8     9     10    11    12  \\\n",
       "0   1  14.23  1.71  2.43  15.6  127  2.80  3.06  0.28  2.29  5.64  1.04  3.92   \n",
       "1   1  13.20  1.78  2.14  11.2  100  2.65  2.76  0.26  1.28  4.38  1.05  3.40   \n",
       "2   1  13.16  2.36  2.67  18.6  101  2.80  3.24  0.30  2.81  5.68  1.03  3.17   \n",
       "3   1  14.37  1.95  2.50  16.8  113  3.85  3.49  0.24  2.18  7.80  0.86  3.45   \n",
       "4   1  13.24  2.59  2.87  21.0  118  2.80  2.69  0.39  1.82  4.32  1.04  2.93   \n",
       "\n",
       "     13  \n",
       "0  1065  \n",
       "1  1050  \n",
       "2  1185  \n",
       "3  1480  \n",
       "4   735  "
      ]
     },
     "execution_count": 140,
     "metadata": {},
     "output_type": "execute_result"
    }
   ],
   "source": [
    "#read in csv file\n",
    "data = pd.read_csv(\"wine.csv\", header=None)\n",
    "trainPercent = 30 #must be between 0 and 100\n",
    "lmbda = .00001\n",
    "numberRowsOfClass1 = 59\n",
    "numberRowsOfClass2 = 71\n",
    "numberRowsOfClass3 = 48\n",
    "data.head() #look at first 5 rows of the data"
   ]
  },
  {
   "cell_type": "code",
   "execution_count": 141,
   "metadata": {
    "collapsed": false
   },
   "outputs": [
    {
     "data": {
      "text/html": [
       "<div>\n",
       "<table border=\"1\" class=\"dataframe\">\n",
       "  <thead>\n",
       "    <tr style=\"text-align: right;\">\n",
       "      <th></th>\n",
       "      <th>1</th>\n",
       "      <th>2</th>\n",
       "      <th>3</th>\n",
       "      <th>4</th>\n",
       "      <th>5</th>\n",
       "      <th>6</th>\n",
       "      <th>7</th>\n",
       "      <th>8</th>\n",
       "      <th>9</th>\n",
       "      <th>10</th>\n",
       "      <th>11</th>\n",
       "      <th>12</th>\n",
       "      <th>13</th>\n",
       "    </tr>\n",
       "  </thead>\n",
       "  <tbody>\n",
       "    <tr>\n",
       "      <th>0</th>\n",
       "      <td>14.23</td>\n",
       "      <td>1.71</td>\n",
       "      <td>2.43</td>\n",
       "      <td>15.6</td>\n",
       "      <td>127</td>\n",
       "      <td>2.80</td>\n",
       "      <td>3.06</td>\n",
       "      <td>0.28</td>\n",
       "      <td>2.29</td>\n",
       "      <td>5.64</td>\n",
       "      <td>1.04</td>\n",
       "      <td>3.92</td>\n",
       "      <td>1065</td>\n",
       "    </tr>\n",
       "    <tr>\n",
       "      <th>1</th>\n",
       "      <td>13.20</td>\n",
       "      <td>1.78</td>\n",
       "      <td>2.14</td>\n",
       "      <td>11.2</td>\n",
       "      <td>100</td>\n",
       "      <td>2.65</td>\n",
       "      <td>2.76</td>\n",
       "      <td>0.26</td>\n",
       "      <td>1.28</td>\n",
       "      <td>4.38</td>\n",
       "      <td>1.05</td>\n",
       "      <td>3.40</td>\n",
       "      <td>1050</td>\n",
       "    </tr>\n",
       "    <tr>\n",
       "      <th>2</th>\n",
       "      <td>13.16</td>\n",
       "      <td>2.36</td>\n",
       "      <td>2.67</td>\n",
       "      <td>18.6</td>\n",
       "      <td>101</td>\n",
       "      <td>2.80</td>\n",
       "      <td>3.24</td>\n",
       "      <td>0.30</td>\n",
       "      <td>2.81</td>\n",
       "      <td>5.68</td>\n",
       "      <td>1.03</td>\n",
       "      <td>3.17</td>\n",
       "      <td>1185</td>\n",
       "    </tr>\n",
       "    <tr>\n",
       "      <th>3</th>\n",
       "      <td>14.37</td>\n",
       "      <td>1.95</td>\n",
       "      <td>2.50</td>\n",
       "      <td>16.8</td>\n",
       "      <td>113</td>\n",
       "      <td>3.85</td>\n",
       "      <td>3.49</td>\n",
       "      <td>0.24</td>\n",
       "      <td>2.18</td>\n",
       "      <td>7.80</td>\n",
       "      <td>0.86</td>\n",
       "      <td>3.45</td>\n",
       "      <td>1480</td>\n",
       "    </tr>\n",
       "    <tr>\n",
       "      <th>4</th>\n",
       "      <td>13.24</td>\n",
       "      <td>2.59</td>\n",
       "      <td>2.87</td>\n",
       "      <td>21.0</td>\n",
       "      <td>118</td>\n",
       "      <td>2.80</td>\n",
       "      <td>2.69</td>\n",
       "      <td>0.39</td>\n",
       "      <td>1.82</td>\n",
       "      <td>4.32</td>\n",
       "      <td>1.04</td>\n",
       "      <td>2.93</td>\n",
       "      <td>735</td>\n",
       "    </tr>\n",
       "  </tbody>\n",
       "</table>\n",
       "</div>"
      ],
      "text/plain": [
       "      1     2     3     4    5     6     7     8     9     10    11    12  \\\n",
       "0  14.23  1.71  2.43  15.6  127  2.80  3.06  0.28  2.29  5.64  1.04  3.92   \n",
       "1  13.20  1.78  2.14  11.2  100  2.65  2.76  0.26  1.28  4.38  1.05  3.40   \n",
       "2  13.16  2.36  2.67  18.6  101  2.80  3.24  0.30  2.81  5.68  1.03  3.17   \n",
       "3  14.37  1.95  2.50  16.8  113  3.85  3.49  0.24  2.18  7.80  0.86  3.45   \n",
       "4  13.24  2.59  2.87  21.0  118  2.80  2.69  0.39  1.82  4.32  1.04  2.93   \n",
       "\n",
       "     13  \n",
       "0  1065  \n",
       "1  1050  \n",
       "2  1185  \n",
       "3  1480  \n",
       "4   735  "
      ]
     },
     "execution_count": 141,
     "metadata": {},
     "output_type": "execute_result"
    }
   ],
   "source": [
    "#Grab desired inputs to test one. Build a dataframe from them.\n",
    "dataInputs= data.loc[:,1:13]\n",
    "dataInputs.head()"
   ]
  },
  {
   "cell_type": "code",
   "execution_count": 142,
   "metadata": {
    "collapsed": false
   },
   "outputs": [
    {
     "data": {
      "text/plain": [
       "array([[1, 0, 0],\n",
       "       [1, 0, 0],\n",
       "       [1, 0, 0],\n",
       "       [1, 0, 0],\n",
       "       [1, 0, 0],\n",
       "       [1, 0, 0],\n",
       "       [1, 0, 0],\n",
       "       [1, 0, 0],\n",
       "       [1, 0, 0],\n",
       "       [1, 0, 0],\n",
       "       [1, 0, 0],\n",
       "       [1, 0, 0],\n",
       "       [1, 0, 0],\n",
       "       [1, 0, 0],\n",
       "       [1, 0, 0],\n",
       "       [1, 0, 0],\n",
       "       [1, 0, 0],\n",
       "       [1, 0, 0],\n",
       "       [1, 0, 0],\n",
       "       [1, 0, 0],\n",
       "       [1, 0, 0],\n",
       "       [1, 0, 0],\n",
       "       [1, 0, 0],\n",
       "       [1, 0, 0],\n",
       "       [1, 0, 0],\n",
       "       [1, 0, 0],\n",
       "       [1, 0, 0],\n",
       "       [1, 0, 0],\n",
       "       [1, 0, 0],\n",
       "       [1, 0, 0],\n",
       "       [1, 0, 0],\n",
       "       [1, 0, 0],\n",
       "       [1, 0, 0],\n",
       "       [1, 0, 0],\n",
       "       [1, 0, 0],\n",
       "       [1, 0, 0],\n",
       "       [1, 0, 0],\n",
       "       [1, 0, 0],\n",
       "       [1, 0, 0],\n",
       "       [1, 0, 0],\n",
       "       [1, 0, 0],\n",
       "       [1, 0, 0],\n",
       "       [1, 0, 0],\n",
       "       [1, 0, 0],\n",
       "       [1, 0, 0],\n",
       "       [1, 0, 0],\n",
       "       [1, 0, 0],\n",
       "       [1, 0, 0],\n",
       "       [1, 0, 0],\n",
       "       [1, 0, 0],\n",
       "       [1, 0, 0],\n",
       "       [1, 0, 0],\n",
       "       [1, 0, 0],\n",
       "       [1, 0, 0],\n",
       "       [1, 0, 0],\n",
       "       [1, 0, 0],\n",
       "       [1, 0, 0],\n",
       "       [1, 0, 0],\n",
       "       [1, 0, 0],\n",
       "       [0, 1, 0],\n",
       "       [0, 1, 0],\n",
       "       [0, 1, 0],\n",
       "       [0, 1, 0],\n",
       "       [0, 1, 0],\n",
       "       [0, 1, 0],\n",
       "       [0, 1, 0],\n",
       "       [0, 1, 0],\n",
       "       [0, 1, 0],\n",
       "       [0, 1, 0],\n",
       "       [0, 1, 0],\n",
       "       [0, 1, 0],\n",
       "       [0, 1, 0],\n",
       "       [0, 1, 0],\n",
       "       [0, 1, 0],\n",
       "       [0, 1, 0],\n",
       "       [0, 1, 0],\n",
       "       [0, 1, 0],\n",
       "       [0, 1, 0],\n",
       "       [0, 1, 0],\n",
       "       [0, 1, 0],\n",
       "       [0, 1, 0],\n",
       "       [0, 1, 0],\n",
       "       [0, 1, 0],\n",
       "       [0, 1, 0],\n",
       "       [0, 1, 0],\n",
       "       [0, 1, 0],\n",
       "       [0, 1, 0],\n",
       "       [0, 1, 0],\n",
       "       [0, 1, 0],\n",
       "       [0, 1, 0],\n",
       "       [0, 1, 0],\n",
       "       [0, 1, 0],\n",
       "       [0, 1, 0],\n",
       "       [0, 1, 0],\n",
       "       [0, 1, 0],\n",
       "       [0, 1, 0],\n",
       "       [0, 1, 0],\n",
       "       [0, 1, 0],\n",
       "       [0, 1, 0],\n",
       "       [0, 1, 0],\n",
       "       [0, 1, 0],\n",
       "       [0, 1, 0],\n",
       "       [0, 1, 0],\n",
       "       [0, 1, 0],\n",
       "       [0, 1, 0],\n",
       "       [0, 1, 0],\n",
       "       [0, 1, 0],\n",
       "       [0, 1, 0],\n",
       "       [0, 1, 0],\n",
       "       [0, 1, 0],\n",
       "       [0, 1, 0],\n",
       "       [0, 1, 0],\n",
       "       [0, 1, 0],\n",
       "       [0, 1, 0],\n",
       "       [0, 1, 0],\n",
       "       [0, 1, 0],\n",
       "       [0, 1, 0],\n",
       "       [0, 1, 0],\n",
       "       [0, 1, 0],\n",
       "       [0, 1, 0],\n",
       "       [0, 1, 0],\n",
       "       [0, 1, 0],\n",
       "       [0, 1, 0],\n",
       "       [0, 1, 0],\n",
       "       [0, 1, 0],\n",
       "       [0, 1, 0],\n",
       "       [0, 1, 0],\n",
       "       [0, 1, 0],\n",
       "       [0, 1, 0],\n",
       "       [0, 1, 0],\n",
       "       [0, 0, 1],\n",
       "       [0, 0, 1],\n",
       "       [0, 0, 1],\n",
       "       [0, 0, 1],\n",
       "       [0, 0, 1],\n",
       "       [0, 0, 1],\n",
       "       [0, 0, 1],\n",
       "       [0, 0, 1],\n",
       "       [0, 0, 1],\n",
       "       [0, 0, 1],\n",
       "       [0, 0, 1],\n",
       "       [0, 0, 1],\n",
       "       [0, 0, 1],\n",
       "       [0, 0, 1],\n",
       "       [0, 0, 1],\n",
       "       [0, 0, 1],\n",
       "       [0, 0, 1],\n",
       "       [0, 0, 1],\n",
       "       [0, 0, 1],\n",
       "       [0, 0, 1],\n",
       "       [0, 0, 1],\n",
       "       [0, 0, 1],\n",
       "       [0, 0, 1],\n",
       "       [0, 0, 1],\n",
       "       [0, 0, 1],\n",
       "       [0, 0, 1],\n",
       "       [0, 0, 1],\n",
       "       [0, 0, 1],\n",
       "       [0, 0, 1],\n",
       "       [0, 0, 1],\n",
       "       [0, 0, 1],\n",
       "       [0, 0, 1],\n",
       "       [0, 0, 1],\n",
       "       [0, 0, 1],\n",
       "       [0, 0, 1],\n",
       "       [0, 0, 1],\n",
       "       [0, 0, 1],\n",
       "       [0, 0, 1],\n",
       "       [0, 0, 1],\n",
       "       [0, 0, 1],\n",
       "       [0, 0, 1],\n",
       "       [0, 0, 1],\n",
       "       [0, 0, 1],\n",
       "       [0, 0, 1],\n",
       "       [0, 0, 1],\n",
       "       [0, 0, 1],\n",
       "       [0, 0, 1],\n",
       "       [0, 0, 1]])"
      ]
     },
     "execution_count": 142,
     "metadata": {},
     "output_type": "execute_result"
    }
   ],
   "source": [
    "#Grab the expected outputs. (This is supervised learning)\n",
    "y1=[]\n",
    "y2=[]\n",
    "y3=[]\n",
    "for i in range(0,numberRowsOfClass1):\n",
    "    y1.append([1,0,0]);#class1\n",
    "for j in range(0, numberRowsOfClass2):\n",
    "    y2.append([0,1,0]);#class2\n",
    "for k in range(0, numberRowsOfClass3):\n",
    "    y3.append([0,0,1]);#Class3\n",
    "expectedOutput=np.concatenate([y1,y2,y3])\n",
    "expectedOutput"
   ]
  },
  {
   "cell_type": "code",
   "execution_count": 143,
   "metadata": {
    "collapsed": false
   },
   "outputs": [
    {
     "name": "stdout",
     "output_type": "stream",
     "text": [
      "(53, 13)\n",
      "(53, 3)\n",
      "(125, 13)\n",
      "(125, 3)\n",
      "[[ 0  0  1 35]\n",
      " [ 0  1  0 52]\n",
      " [ 1  0  0 38]]\n",
      "38\n",
      "52\n",
      "35\n"
     ]
    }
   ],
   "source": [
    "#Hint: use train_test_split\n",
    "inputTrain, inputTest, expectedOutputTrain, expectedOutputTest = train_test_split(dataInputs, expectedOutput, train_size = trainPercent/100)\n",
    "\n",
    "#inputTest.head()\n",
    "print(inputTrain.shape)\n",
    "print(expectedOutputTrain.shape)\n",
    "print(inputTest.shape)\n",
    "print(expectedOutputTest.shape)\n",
    "d = collections.OrderedDict()\n",
    "for a in expectedOutputTest:\n",
    "    t = tuple(a)\n",
    "    if t in d:\n",
    "        d[t] += 1\n",
    "    else:\n",
    "        d[t] = 1\n",
    "\n",
    "result = []\n",
    "for (key, value) in d.items():\n",
    "    result.append(list(key) + [value])\n",
    "\n",
    "B = np.asarray(result)\n",
    "print(B)\n",
    "for Bi in B:\n",
    "    if Bi[0] == 1:\n",
    "        class1Total = Bi[3]\n",
    "    elif Bi[1] == 1:\n",
    "        class2Total = Bi[3]\n",
    "    elif Bi[2] == 1:\n",
    "        class3Total = Bi[3]\n",
    "    \n",
    "print(class1Total)\n",
    "print(class2Total)\n",
    "print(class3Total)"
   ]
  },
  {
   "cell_type": "code",
   "execution_count": 144,
   "metadata": {
    "collapsed": true
   },
   "outputs": [],
   "source": [
    "#Build our least squares classifier for 2 classes\n",
    "D = inputTrain.shape[1] + 1 #num of attributes, +1 is for the intercept (column of 1s)\n",
    "K = expectedOutput.shape[1]"
   ]
  },
  {
   "cell_type": "code",
   "execution_count": 145,
   "metadata": {
    "collapsed": false
   },
   "outputs": [
    {
     "data": {
      "text/plain": [
       "array([[  1.00000000e+00,   1.14600000e+01,   3.74000000e+00,\n",
       "          1.82000000e+00,   1.95000000e+01,   1.07000000e+02,\n",
       "          3.18000000e+00,   2.58000000e+00,   2.40000000e-01,\n",
       "          3.58000000e+00,   2.90000000e+00,   7.50000000e-01,\n",
       "          2.81000000e+00,   5.62000000e+02]])"
      ]
     },
     "execution_count": 145,
     "metadata": {},
     "output_type": "execute_result"
    }
   ],
   "source": [
    "expectedOutputTrain = np.asarray(expectedOutputTrain)\n",
    "expectedOutputTest = np.asarray(expectedOutputTest)\n",
    "inputTrain = np.asarray(inputTrain)\n",
    "inputTest = np.asarray(inputTest)\n",
    "p = np.append(1, inputTrain[0])\n",
    "p.shape\n",
    "p.reshape(1,D)"
   ]
  },
  {
   "cell_type": "code",
   "execution_count": 146,
   "metadata": {
    "collapsed": false
   },
   "outputs": [
    {
     "name": "stdout",
     "output_type": "stream",
     "text": [
      "[[  5.30000100e+01   6.90970010e+02   1.32360010e+02   1.24200010e+02\n",
      "    1.01820001e+03   5.28800001e+03   1.23350010e+02   1.11520010e+02\n",
      "    1.83600100e+01   8.99400100e+01   2.57990010e+02   5.15000100e+01\n",
      "    1.41700010e+02   4.03750000e+04]\n",
      " [  6.90970010e+02   9.03776351e+03   1.73077431e+03   1.62365191e+03\n",
      "    1.32371670e+04   6.90518800e+04   1.61446191e+03   1.46471201e+03\n",
      "    2.38679110e+02   1.17119291e+03   3.41129851e+03   6.71313210e+02\n",
      "    1.85072411e+03   5.34767290e+05]\n",
      " [  1.32360010e+02   1.73077431e+03   4.03346010e+02   3.11183210e+02\n",
      "    2.57807301e+03   1.30474900e+04   2.95625010e+02   2.48931310e+02\n",
      "    4.87030100e+01   2.13196110e+02   6.72117910e+02   1.20798310e+02\n",
      "    3.36973510e+02   9.58680000e+04]\n",
      " [  1.24200010e+02   1.62365191e+03   3.11183210e+02   2.95135610e+02\n",
      "    2.40763701e+03   1.24213300e+04   2.90300110e+02   2.63135810e+02\n",
      "    4.34826100e+01   2.09029710e+02   6.12544210e+02   1.21115710e+02\n",
      "    3.32301510e+02   9.59180000e+04]\n",
      " [  1.01820001e+03   1.32371670e+04   2.57807301e+03   2.40763701e+03\n",
      "    2.01149200e+04   1.01001100e+05   2.33256401e+03   2.07835001e+03\n",
      "    3.63392010e+02   1.69513401e+03   4.90456301e+03   9.87037010e+02\n",
      "    2.67995801e+03   7.53391100e+05]\n",
      " [  5.28800001e+03   6.90518800e+04   1.30474900e+04   1.24213300e+04\n",
      "    1.01001100e+05   5.38798000e+05   1.24292000e+04   1.12771700e+04\n",
      "    1.80607001e+03   9.14881001e+03   2.60142800e+04   5.15827001e+03\n",
      "    1.41942600e+04   4.11366500e+06]\n",
      " [  1.23350010e+02   1.61446191e+03   2.95625010e+02   2.90300110e+02\n",
      "    2.33256401e+03   1.24292000e+04   3.08208310e+02   2.87940910e+02\n",
      "    4.09347100e+01   2.20961510e+02   6.02494410e+02   1.23217810e+02\n",
      "    3.46448810e+02   9.88998500e+04]\n",
      " [  1.11520010e+02   1.46471201e+03   2.48931310e+02   2.63135810e+02\n",
      "    2.07835001e+03   1.12771700e+04   2.87940910e+02   2.84586610e+02\n",
      "    3.52711100e+01   2.08507310e+02   5.40943610e+02   1.14390010e+02\n",
      "    3.25311110e+02   9.40266800e+04]\n",
      " [  1.83600100e+01   2.38679110e+02   4.87030100e+01   4.34826100e+01\n",
      "    3.63392010e+02   1.80607001e+03   4.09347100e+01   3.52711100e+01\n",
      "    7.07821000e+00   2.93795100e+01   9.05974100e+01   1.73392100e+01\n",
      "    4.69069100e+01   1.33908500e+04]\n",
      " [  8.99400100e+01   1.17119291e+03   2.13196110e+02   2.09029710e+02\n",
      "    1.69513401e+03   9.14881001e+03   2.20961510e+02   2.08507310e+02\n",
      "    2.93795100e+01   1.70807210e+02   4.30248910e+02   8.99807100e+01\n",
      "    2.53123210e+02   7.15318500e+04]\n",
      " [  2.57990010e+02   3.41129851e+03   6.72117910e+02   6.12544210e+02\n",
      "    4.90456301e+03   2.60142800e+04   6.02494410e+02   5.40943610e+02\n",
      "    9.05974100e+01   4.30248910e+02   1.48180331e+03   2.43587910e+02\n",
      "    6.66958910e+02   2.15816860e+05]\n",
      " [  5.15000100e+01   6.71313210e+02   1.20798310e+02   1.21115710e+02\n",
      "    9.87037010e+02   5.15827001e+03   1.23217810e+02   1.14390010e+02\n",
      "    1.73392100e+01   8.99807100e+01   2.43587910e+02   5.21564100e+01\n",
      "    1.42075510e+02   4.00501700e+04]\n",
      " [  1.41700010e+02   1.85072411e+03   3.36973510e+02   3.32301510e+02\n",
      "    2.67995801e+03   1.41942600e+04   3.46448810e+02   3.25311110e+02\n",
      "    4.69069100e+01   2.53123210e+02   6.66958910e+02   1.42075510e+02\n",
      "    4.02506610e+02   1.11181170e+05]\n",
      " [  4.03750000e+04   5.34767290e+05   9.58680000e+04   9.59180000e+04\n",
      "    7.53391100e+05   4.11366500e+06   9.88998500e+04   9.40266800e+04\n",
      "    1.33908500e+04   7.15318500e+04   2.15816860e+05   4.00501700e+04\n",
      "    1.11181170e+05   3.62205750e+07]]\n",
      "[[  2.10000000e+01   1.90000000e+01   1.30000000e+01]\n",
      " [  2.86560000e+02   2.33360000e+02   1.71050000e+02]\n",
      " [  4.54900000e+01   3.97200000e+01   4.71500000e+01]\n",
      " [  5.16500000e+01   4.12400000e+01   3.13100000e+01]\n",
      " [  3.65000000e+02   3.81200000e+02   2.72000000e+02]\n",
      " [  2.21800000e+03   1.79200000e+03   1.27800000e+03]\n",
      " [  5.94800000e+01   4.29600000e+01   2.09100000e+01]\n",
      " [  6.28300000e+01   3.91800000e+01   9.51000000e+00]\n",
      " [  6.00000000e+00   6.53000000e+00   5.83000000e+00]\n",
      " [  4.15100000e+01   3.50700000e+01   1.33600000e+01]\n",
      " [  1.19300000e+02   5.38500000e+01   8.48400000e+01]\n",
      " [  2.18900000e+01   2.01200000e+01   9.49000000e+00]\n",
      " [  6.62500000e+01   5.35400000e+01   2.19100000e+01]\n",
      " [  2.27550000e+04   9.31000000e+03   8.31000000e+03]]\n"
     ]
    }
   ],
   "source": [
    "sum1 = 0\n",
    "sum2 = 0\n",
    "numRows = inputTrain.shape[0]\n",
    "new_col = np.ones((numRows,1))\n",
    "x = np.c_[new_col, inputTrain]\n",
    "sum1 = np.dot(x.T, x) + lmbda\n",
    "sum2 = np.dot(x.T, expectedOutputTrain)\n",
    "print(sum1)\n",
    "print(sum2)"
   ]
  },
  {
   "cell_type": "code",
   "execution_count": 147,
   "metadata": {
    "collapsed": false
   },
   "outputs": [
    {
     "data": {
      "text/plain": [
       "array([[ -2.09577622e+00,   2.84313407e+00,   2.52504448e-01],\n",
       "       [  9.00490166e-02,  -1.38361721e-01,   4.83231113e-02],\n",
       "       [  1.46733533e-02,  -9.58245766e-03,  -5.09209255e-03],\n",
       "       [  4.01819773e-01,  -6.84239565e-01,   2.82409143e-01],\n",
       "       [ -2.09364716e-02,   2.50206478e-02,  -4.08253666e-03],\n",
       "       [  1.57483446e-03,  -1.61432529e-03,   3.95900454e-05],\n",
       "       [ -5.17618069e-02,  -1.27311191e-01,   1.79074795e-01],\n",
       "       [  1.74287279e-01,   1.54764384e-01,  -3.29053848e-01],\n",
       "       [ -1.81608805e-01,   5.97292252e-01,  -4.15696625e-01],\n",
       "       [ -3.23546645e-02,   6.90517715e-02,  -3.66953351e-02],\n",
       "       [ -1.94874680e-02,  -2.72857038e-02,   4.67724957e-02],\n",
       "       [ -5.26888233e-01,   8.62644369e-01,  -3.35762240e-01],\n",
       "       [  2.01047071e-01,   1.09451857e-02,  -2.11990692e-01],\n",
       "       [  6.90109343e-04,  -6.05347284e-04,  -8.47681031e-05]])"
      ]
     },
     "execution_count": 147,
     "metadata": {},
     "output_type": "execute_result"
    }
   ],
   "source": [
    "W= np.dot(np.linalg.inv(sum1), sum2)\n",
    "#W = np.array(W)[np.newaxis]\n",
    "W"
   ]
  },
  {
   "cell_type": "code",
   "execution_count": 148,
   "metadata": {
    "collapsed": true
   },
   "outputs": [],
   "source": [
    "#testing\n",
    "total = expectedOutputTest.shape[0]\n",
    "predicted = np.zeros((total, K))\n",
    "i=0\n",
    "class1Correct=class2Correct=virginicaCorrect=class3Correct=0\n",
    "correctPredictionCol = [0]*total"
   ]
  },
  {
   "cell_type": "code",
   "execution_count": 149,
   "metadata": {
    "collapsed": false
   },
   "outputs": [
    {
     "name": "stdout",
     "output_type": "stream",
     "text": [
      "118\n",
      "class1 misclassification error =  0.0\n",
      "class2 misclassification error =  13.461538461538453\n",
      "class3 misclassification error =  0.0\n",
      "total misclassification error =  5.6000000000000085\n",
      "125\n"
     ]
    }
   ],
   "source": [
    "for i in range(total):\n",
    "    x = inputTest[i]    \n",
    "    x = np.append(1,x)\n",
    "    x = x.reshape(1,D)\n",
    "    values = np.dot(W.T,x.T)\n",
    "    values = values.T\n",
    "    values = values.flatten()\n",
    "    maxIndex = np.argmax(values)\n",
    "    if expectedOutputTest[i][maxIndex] == 1:\n",
    "        if maxIndex == 0:\n",
    "            class1Correct += 1\n",
    "        elif maxIndex == 1:\n",
    "            class2Correct += 1\n",
    "        elif maxIndex == 2:\n",
    "            class3Correct += 1\n",
    "        correctPredictionCol[i] = 1\n",
    "    predicted[i][maxIndex] = 1\n",
    "totalCorrect = class1Correct + class2Correct + class3Correct\n",
    "print(totalCorrect)\n",
    "totalAccuracy=totalCorrect/float(total)*100\n",
    "class1Accuracy = class1Correct/float(class1Total)*100\n",
    "class2Accuracy = class2Correct/float(class2Total)*100\n",
    "class3Accuracy = class3Correct/float(class3Total)*100\n",
    "print(\"class1 misclassification error = \", 100 - class1Accuracy)\n",
    "print(\"class2 misclassification error = \", 100 - class2Accuracy)\n",
    "print(\"class3 misclassification error = \", 100 - class3Accuracy)\n",
    "print(\"total misclassification error = \", 100 - totalAccuracy)\n",
    "print(total)"
   ]
  }
 ],
 "metadata": {
  "kernelspec": {
   "display_name": "Python 3",
   "language": "python",
   "name": "python3"
  },
  "language_info": {
   "codemirror_mode": {
    "name": "ipython",
    "version": 3
   },
   "file_extension": ".py",
   "mimetype": "text/x-python",
   "name": "python",
   "nbconvert_exporter": "python",
   "pygments_lexer": "ipython3",
   "version": "3.6.0"
  }
 },
 "nbformat": 4,
 "nbformat_minor": 2
}
