{
 "cells": [
  {
   "cell_type": "code",
   "execution_count": 194,
   "metadata": {
    "collapsed": false
   },
   "outputs": [],
   "source": [
    "import numpy as np\n",
    "import pandas as pd\n",
    "import collections\n",
    "from random import shuffle, randint\n",
    "\n",
    "from sklearn.cross_validation import train_test_split\n",
    "from sklearn.metrics import confusion_matrix"
   ]
  },
  {
   "cell_type": "code",
   "execution_count": 195,
   "metadata": {
    "collapsed": false
   },
   "outputs": [
    {
     "data": {
      "text/html": [
       "<div>\n",
       "<table border=\"1\" class=\"dataframe\">\n",
       "  <thead>\n",
       "    <tr style=\"text-align: right;\">\n",
       "      <th></th>\n",
       "      <th>0</th>\n",
       "      <th>1</th>\n",
       "      <th>2</th>\n",
       "      <th>3</th>\n",
       "      <th>4</th>\n",
       "      <th>5</th>\n",
       "      <th>6</th>\n",
       "      <th>7</th>\n",
       "      <th>8</th>\n",
       "      <th>9</th>\n",
       "      <th>10</th>\n",
       "      <th>11</th>\n",
       "      <th>12</th>\n",
       "      <th>13</th>\n",
       "    </tr>\n",
       "  </thead>\n",
       "  <tbody>\n",
       "    <tr>\n",
       "      <th>0</th>\n",
       "      <td>1</td>\n",
       "      <td>14.23</td>\n",
       "      <td>1.71</td>\n",
       "      <td>2.43</td>\n",
       "      <td>15.6</td>\n",
       "      <td>127</td>\n",
       "      <td>2.80</td>\n",
       "      <td>3.06</td>\n",
       "      <td>0.28</td>\n",
       "      <td>2.29</td>\n",
       "      <td>5.64</td>\n",
       "      <td>1.04</td>\n",
       "      <td>3.92</td>\n",
       "      <td>1065</td>\n",
       "    </tr>\n",
       "    <tr>\n",
       "      <th>1</th>\n",
       "      <td>1</td>\n",
       "      <td>13.20</td>\n",
       "      <td>1.78</td>\n",
       "      <td>2.14</td>\n",
       "      <td>11.2</td>\n",
       "      <td>100</td>\n",
       "      <td>2.65</td>\n",
       "      <td>2.76</td>\n",
       "      <td>0.26</td>\n",
       "      <td>1.28</td>\n",
       "      <td>4.38</td>\n",
       "      <td>1.05</td>\n",
       "      <td>3.40</td>\n",
       "      <td>1050</td>\n",
       "    </tr>\n",
       "    <tr>\n",
       "      <th>2</th>\n",
       "      <td>1</td>\n",
       "      <td>13.16</td>\n",
       "      <td>2.36</td>\n",
       "      <td>2.67</td>\n",
       "      <td>18.6</td>\n",
       "      <td>101</td>\n",
       "      <td>2.80</td>\n",
       "      <td>3.24</td>\n",
       "      <td>0.30</td>\n",
       "      <td>2.81</td>\n",
       "      <td>5.68</td>\n",
       "      <td>1.03</td>\n",
       "      <td>3.17</td>\n",
       "      <td>1185</td>\n",
       "    </tr>\n",
       "    <tr>\n",
       "      <th>3</th>\n",
       "      <td>1</td>\n",
       "      <td>14.37</td>\n",
       "      <td>1.95</td>\n",
       "      <td>2.50</td>\n",
       "      <td>16.8</td>\n",
       "      <td>113</td>\n",
       "      <td>3.85</td>\n",
       "      <td>3.49</td>\n",
       "      <td>0.24</td>\n",
       "      <td>2.18</td>\n",
       "      <td>7.80</td>\n",
       "      <td>0.86</td>\n",
       "      <td>3.45</td>\n",
       "      <td>1480</td>\n",
       "    </tr>\n",
       "    <tr>\n",
       "      <th>4</th>\n",
       "      <td>1</td>\n",
       "      <td>13.24</td>\n",
       "      <td>2.59</td>\n",
       "      <td>2.87</td>\n",
       "      <td>21.0</td>\n",
       "      <td>118</td>\n",
       "      <td>2.80</td>\n",
       "      <td>2.69</td>\n",
       "      <td>0.39</td>\n",
       "      <td>1.82</td>\n",
       "      <td>4.32</td>\n",
       "      <td>1.04</td>\n",
       "      <td>2.93</td>\n",
       "      <td>735</td>\n",
       "    </tr>\n",
       "  </tbody>\n",
       "</table>\n",
       "</div>"
      ],
      "text/plain": [
       "   0      1     2     3     4    5     6     7     8     9     10    11    12  \\\n",
       "0   1  14.23  1.71  2.43  15.6  127  2.80  3.06  0.28  2.29  5.64  1.04  3.92   \n",
       "1   1  13.20  1.78  2.14  11.2  100  2.65  2.76  0.26  1.28  4.38  1.05  3.40   \n",
       "2   1  13.16  2.36  2.67  18.6  101  2.80  3.24  0.30  2.81  5.68  1.03  3.17   \n",
       "3   1  14.37  1.95  2.50  16.8  113  3.85  3.49  0.24  2.18  7.80  0.86  3.45   \n",
       "4   1  13.24  2.59  2.87  21.0  118  2.80  2.69  0.39  1.82  4.32  1.04  2.93   \n",
       "\n",
       "     13  \n",
       "0  1065  \n",
       "1  1050  \n",
       "2  1185  \n",
       "3  1480  \n",
       "4   735  "
      ]
     },
     "execution_count": 195,
     "metadata": {},
     "output_type": "execute_result"
    }
   ],
   "source": [
    "#read in csv file\n",
    "data = pd.read_csv(\"wine.csv\", header=None)\n",
    "trainPercent = 40 #must be between 0 and 100\n",
    "lmbda = .00001\n",
    "numberRowsOfClass1 = 59\n",
    "numberRowsOfClass2 = 71\n",
    "numberRowsOfClass3 = 48\n",
    "data.head() #look at first 5 rows of the data"
   ]
  },
  {
   "cell_type": "code",
   "execution_count": 196,
   "metadata": {
    "collapsed": false
   },
   "outputs": [
    {
     "data": {
      "text/html": [
       "<div>\n",
       "<table border=\"1\" class=\"dataframe\">\n",
       "  <thead>\n",
       "    <tr style=\"text-align: right;\">\n",
       "      <th></th>\n",
       "      <th>1</th>\n",
       "      <th>2</th>\n",
       "      <th>3</th>\n",
       "      <th>4</th>\n",
       "      <th>5</th>\n",
       "      <th>6</th>\n",
       "      <th>7</th>\n",
       "      <th>8</th>\n",
       "      <th>9</th>\n",
       "      <th>10</th>\n",
       "      <th>11</th>\n",
       "      <th>12</th>\n",
       "      <th>13</th>\n",
       "    </tr>\n",
       "  </thead>\n",
       "  <tbody>\n",
       "    <tr>\n",
       "      <th>0</th>\n",
       "      <td>14.23</td>\n",
       "      <td>1.71</td>\n",
       "      <td>2.43</td>\n",
       "      <td>15.6</td>\n",
       "      <td>127</td>\n",
       "      <td>2.80</td>\n",
       "      <td>3.06</td>\n",
       "      <td>0.28</td>\n",
       "      <td>2.29</td>\n",
       "      <td>5.64</td>\n",
       "      <td>1.04</td>\n",
       "      <td>3.92</td>\n",
       "      <td>1065</td>\n",
       "    </tr>\n",
       "    <tr>\n",
       "      <th>1</th>\n",
       "      <td>13.20</td>\n",
       "      <td>1.78</td>\n",
       "      <td>2.14</td>\n",
       "      <td>11.2</td>\n",
       "      <td>100</td>\n",
       "      <td>2.65</td>\n",
       "      <td>2.76</td>\n",
       "      <td>0.26</td>\n",
       "      <td>1.28</td>\n",
       "      <td>4.38</td>\n",
       "      <td>1.05</td>\n",
       "      <td>3.40</td>\n",
       "      <td>1050</td>\n",
       "    </tr>\n",
       "    <tr>\n",
       "      <th>2</th>\n",
       "      <td>13.16</td>\n",
       "      <td>2.36</td>\n",
       "      <td>2.67</td>\n",
       "      <td>18.6</td>\n",
       "      <td>101</td>\n",
       "      <td>2.80</td>\n",
       "      <td>3.24</td>\n",
       "      <td>0.30</td>\n",
       "      <td>2.81</td>\n",
       "      <td>5.68</td>\n",
       "      <td>1.03</td>\n",
       "      <td>3.17</td>\n",
       "      <td>1185</td>\n",
       "    </tr>\n",
       "    <tr>\n",
       "      <th>3</th>\n",
       "      <td>14.37</td>\n",
       "      <td>1.95</td>\n",
       "      <td>2.50</td>\n",
       "      <td>16.8</td>\n",
       "      <td>113</td>\n",
       "      <td>3.85</td>\n",
       "      <td>3.49</td>\n",
       "      <td>0.24</td>\n",
       "      <td>2.18</td>\n",
       "      <td>7.80</td>\n",
       "      <td>0.86</td>\n",
       "      <td>3.45</td>\n",
       "      <td>1480</td>\n",
       "    </tr>\n",
       "    <tr>\n",
       "      <th>4</th>\n",
       "      <td>13.24</td>\n",
       "      <td>2.59</td>\n",
       "      <td>2.87</td>\n",
       "      <td>21.0</td>\n",
       "      <td>118</td>\n",
       "      <td>2.80</td>\n",
       "      <td>2.69</td>\n",
       "      <td>0.39</td>\n",
       "      <td>1.82</td>\n",
       "      <td>4.32</td>\n",
       "      <td>1.04</td>\n",
       "      <td>2.93</td>\n",
       "      <td>735</td>\n",
       "    </tr>\n",
       "  </tbody>\n",
       "</table>\n",
       "</div>"
      ],
      "text/plain": [
       "      1     2     3     4    5     6     7     8     9     10    11    12  \\\n",
       "0  14.23  1.71  2.43  15.6  127  2.80  3.06  0.28  2.29  5.64  1.04  3.92   \n",
       "1  13.20  1.78  2.14  11.2  100  2.65  2.76  0.26  1.28  4.38  1.05  3.40   \n",
       "2  13.16  2.36  2.67  18.6  101  2.80  3.24  0.30  2.81  5.68  1.03  3.17   \n",
       "3  14.37  1.95  2.50  16.8  113  3.85  3.49  0.24  2.18  7.80  0.86  3.45   \n",
       "4  13.24  2.59  2.87  21.0  118  2.80  2.69  0.39  1.82  4.32  1.04  2.93   \n",
       "\n",
       "     13  \n",
       "0  1065  \n",
       "1  1050  \n",
       "2  1185  \n",
       "3  1480  \n",
       "4   735  "
      ]
     },
     "execution_count": 196,
     "metadata": {},
     "output_type": "execute_result"
    }
   ],
   "source": [
    "#Grab desired inputs to test one. Build a dataframe from them.\n",
    "dataInputs= data.loc[:,1:13]\n",
    "dataInputs.head()"
   ]
  },
  {
   "cell_type": "code",
   "execution_count": 197,
   "metadata": {
    "collapsed": false
   },
   "outputs": [
    {
     "data": {
      "text/plain": [
       "array([[1, 0, 0],\n",
       "       [1, 0, 0],\n",
       "       [1, 0, 0],\n",
       "       [1, 0, 0],\n",
       "       [1, 0, 0],\n",
       "       [1, 0, 0],\n",
       "       [1, 0, 0],\n",
       "       [1, 0, 0],\n",
       "       [1, 0, 0],\n",
       "       [1, 0, 0],\n",
       "       [1, 0, 0],\n",
       "       [1, 0, 0],\n",
       "       [1, 0, 0],\n",
       "       [1, 0, 0],\n",
       "       [1, 0, 0],\n",
       "       [1, 0, 0],\n",
       "       [1, 0, 0],\n",
       "       [1, 0, 0],\n",
       "       [1, 0, 0],\n",
       "       [1, 0, 0],\n",
       "       [1, 0, 0],\n",
       "       [1, 0, 0],\n",
       "       [1, 0, 0],\n",
       "       [1, 0, 0],\n",
       "       [1, 0, 0],\n",
       "       [1, 0, 0],\n",
       "       [1, 0, 0],\n",
       "       [1, 0, 0],\n",
       "       [1, 0, 0],\n",
       "       [1, 0, 0],\n",
       "       [1, 0, 0],\n",
       "       [1, 0, 0],\n",
       "       [1, 0, 0],\n",
       "       [1, 0, 0],\n",
       "       [1, 0, 0],\n",
       "       [1, 0, 0],\n",
       "       [1, 0, 0],\n",
       "       [1, 0, 0],\n",
       "       [1, 0, 0],\n",
       "       [1, 0, 0],\n",
       "       [1, 0, 0],\n",
       "       [1, 0, 0],\n",
       "       [1, 0, 0],\n",
       "       [1, 0, 0],\n",
       "       [1, 0, 0],\n",
       "       [1, 0, 0],\n",
       "       [1, 0, 0],\n",
       "       [1, 0, 0],\n",
       "       [1, 0, 0],\n",
       "       [1, 0, 0],\n",
       "       [1, 0, 0],\n",
       "       [1, 0, 0],\n",
       "       [1, 0, 0],\n",
       "       [1, 0, 0],\n",
       "       [1, 0, 0],\n",
       "       [1, 0, 0],\n",
       "       [1, 0, 0],\n",
       "       [1, 0, 0],\n",
       "       [1, 0, 0],\n",
       "       [0, 1, 0],\n",
       "       [0, 1, 0],\n",
       "       [0, 1, 0],\n",
       "       [0, 1, 0],\n",
       "       [0, 1, 0],\n",
       "       [0, 1, 0],\n",
       "       [0, 1, 0],\n",
       "       [0, 1, 0],\n",
       "       [0, 1, 0],\n",
       "       [0, 1, 0],\n",
       "       [0, 1, 0],\n",
       "       [0, 1, 0],\n",
       "       [0, 1, 0],\n",
       "       [0, 1, 0],\n",
       "       [0, 1, 0],\n",
       "       [0, 1, 0],\n",
       "       [0, 1, 0],\n",
       "       [0, 1, 0],\n",
       "       [0, 1, 0],\n",
       "       [0, 1, 0],\n",
       "       [0, 1, 0],\n",
       "       [0, 1, 0],\n",
       "       [0, 1, 0],\n",
       "       [0, 1, 0],\n",
       "       [0, 1, 0],\n",
       "       [0, 1, 0],\n",
       "       [0, 1, 0],\n",
       "       [0, 1, 0],\n",
       "       [0, 1, 0],\n",
       "       [0, 1, 0],\n",
       "       [0, 1, 0],\n",
       "       [0, 1, 0],\n",
       "       [0, 1, 0],\n",
       "       [0, 1, 0],\n",
       "       [0, 1, 0],\n",
       "       [0, 1, 0],\n",
       "       [0, 1, 0],\n",
       "       [0, 1, 0],\n",
       "       [0, 1, 0],\n",
       "       [0, 1, 0],\n",
       "       [0, 1, 0],\n",
       "       [0, 1, 0],\n",
       "       [0, 1, 0],\n",
       "       [0, 1, 0],\n",
       "       [0, 1, 0],\n",
       "       [0, 1, 0],\n",
       "       [0, 1, 0],\n",
       "       [0, 1, 0],\n",
       "       [0, 1, 0],\n",
       "       [0, 1, 0],\n",
       "       [0, 1, 0],\n",
       "       [0, 1, 0],\n",
       "       [0, 1, 0],\n",
       "       [0, 1, 0],\n",
       "       [0, 1, 0],\n",
       "       [0, 1, 0],\n",
       "       [0, 1, 0],\n",
       "       [0, 1, 0],\n",
       "       [0, 1, 0],\n",
       "       [0, 1, 0],\n",
       "       [0, 1, 0],\n",
       "       [0, 1, 0],\n",
       "       [0, 1, 0],\n",
       "       [0, 1, 0],\n",
       "       [0, 1, 0],\n",
       "       [0, 1, 0],\n",
       "       [0, 1, 0],\n",
       "       [0, 1, 0],\n",
       "       [0, 1, 0],\n",
       "       [0, 1, 0],\n",
       "       [0, 1, 0],\n",
       "       [0, 0, 1],\n",
       "       [0, 0, 1],\n",
       "       [0, 0, 1],\n",
       "       [0, 0, 1],\n",
       "       [0, 0, 1],\n",
       "       [0, 0, 1],\n",
       "       [0, 0, 1],\n",
       "       [0, 0, 1],\n",
       "       [0, 0, 1],\n",
       "       [0, 0, 1],\n",
       "       [0, 0, 1],\n",
       "       [0, 0, 1],\n",
       "       [0, 0, 1],\n",
       "       [0, 0, 1],\n",
       "       [0, 0, 1],\n",
       "       [0, 0, 1],\n",
       "       [0, 0, 1],\n",
       "       [0, 0, 1],\n",
       "       [0, 0, 1],\n",
       "       [0, 0, 1],\n",
       "       [0, 0, 1],\n",
       "       [0, 0, 1],\n",
       "       [0, 0, 1],\n",
       "       [0, 0, 1],\n",
       "       [0, 0, 1],\n",
       "       [0, 0, 1],\n",
       "       [0, 0, 1],\n",
       "       [0, 0, 1],\n",
       "       [0, 0, 1],\n",
       "       [0, 0, 1],\n",
       "       [0, 0, 1],\n",
       "       [0, 0, 1],\n",
       "       [0, 0, 1],\n",
       "       [0, 0, 1],\n",
       "       [0, 0, 1],\n",
       "       [0, 0, 1],\n",
       "       [0, 0, 1],\n",
       "       [0, 0, 1],\n",
       "       [0, 0, 1],\n",
       "       [0, 0, 1],\n",
       "       [0, 0, 1],\n",
       "       [0, 0, 1],\n",
       "       [0, 0, 1],\n",
       "       [0, 0, 1],\n",
       "       [0, 0, 1],\n",
       "       [0, 0, 1],\n",
       "       [0, 0, 1],\n",
       "       [0, 0, 1]])"
      ]
     },
     "execution_count": 197,
     "metadata": {},
     "output_type": "execute_result"
    }
   ],
   "source": [
    "#Grab the expected outputs. (This is supervised learning)\n",
    "y1=[]\n",
    "y2=[]\n",
    "y3=[]\n",
    "for i in range(0,numberRowsOfClass1):\n",
    "    y1.append([1,0,0]);#class1\n",
    "for j in range(0, numberRowsOfClass2):\n",
    "    y2.append([0,1,0]);#class2\n",
    "for k in range(0, numberRowsOfClass3):\n",
    "    y3.append([0,0,1]);#Class3\n",
    "expectedOutput=np.concatenate([y1,y2,y3])\n",
    "expectedOutput"
   ]
  },
  {
   "cell_type": "code",
   "execution_count": 198,
   "metadata": {
    "collapsed": false
   },
   "outputs": [
    {
     "name": "stdout",
     "output_type": "stream",
     "text": [
      "(71, 13)\n",
      "(71, 3)\n",
      "(107, 13)\n",
      "(107, 3)\n",
      "[[ 0  1  0 40]\n",
      " [ 0  0  1 29]\n",
      " [ 1  0  0 38]]\n",
      "38\n",
      "40\n",
      "29\n"
     ]
    }
   ],
   "source": [
    "#Hint: use train_test_split\n",
    "inputTrain, inputTest, expectedOutputTrain, expectedOutputTest = train_test_split(dataInputs, expectedOutput, train_size = trainPercent/100)\n",
    "\n",
    "#inputTest.head()\n",
    "print(inputTrain.shape)\n",
    "print(expectedOutputTrain.shape)\n",
    "print(inputTest.shape)\n",
    "print(expectedOutputTest.shape)\n",
    "d = collections.OrderedDict()\n",
    "for a in expectedOutputTest:\n",
    "    t = tuple(a)\n",
    "    if t in d:\n",
    "        d[t] += 1\n",
    "    else:\n",
    "        d[t] = 1\n",
    "\n",
    "result = []\n",
    "for (key, value) in d.items():\n",
    "    result.append(list(key) + [value])\n",
    "\n",
    "B = np.asarray(result)\n",
    "print(B)\n",
    "for Bi in B:\n",
    "    if Bi[0] == 1:\n",
    "        class1Total = Bi[3]\n",
    "    elif Bi[1] == 1:\n",
    "        class2Total = Bi[3]\n",
    "    elif Bi[2] == 1:\n",
    "        class3Total = Bi[3]\n",
    "    \n",
    "print(class1Total)\n",
    "print(class2Total)\n",
    "print(class3Total)"
   ]
  },
  {
   "cell_type": "code",
   "execution_count": 199,
   "metadata": {
    "collapsed": true
   },
   "outputs": [],
   "source": [
    "#Build our least squares classifier for 2 classes\n",
    "D = inputTrain.shape[1] + 1 #num of attributes, +1 is for the intercept (column of 1s)\n",
    "K = expectedOutput.shape[1]"
   ]
  },
  {
   "cell_type": "code",
   "execution_count": 200,
   "metadata": {
    "collapsed": false
   },
   "outputs": [
    {
     "data": {
      "text/plain": [
       "array([[  1.00000000e+00,   1.23700000e+01,   1.13000000e+00,\n",
       "          2.16000000e+00,   1.90000000e+01,   8.70000000e+01,\n",
       "          3.50000000e+00,   3.10000000e+00,   1.90000000e-01,\n",
       "          1.87000000e+00,   4.45000000e+00,   1.22000000e+00,\n",
       "          2.87000000e+00,   4.20000000e+02]])"
      ]
     },
     "execution_count": 200,
     "metadata": {},
     "output_type": "execute_result"
    }
   ],
   "source": [
    "expectedOutputTrain = np.asarray(expectedOutputTrain)\n",
    "expectedOutputTest = np.asarray(expectedOutputTest)\n",
    "inputTrain = np.asarray(inputTrain)\n",
    "inputTest = np.asarray(inputTest)\n",
    "p = np.append(1, inputTrain[0])\n",
    "p.shape\n",
    "p.reshape(1,D)"
   ]
  },
  {
   "cell_type": "code",
   "execution_count": 201,
   "metadata": {
    "collapsed": false
   },
   "outputs": [
    {
     "name": "stdout",
     "output_type": "stream",
     "text": [
      "[[  7.10000100e+01   9.17580010e+02   1.60750010e+02   1.66000010e+02\n",
      "    1.36970001e+03   7.03800001e+03   1.60930010e+02   1.44280010e+02\n",
      "    2.44100100e+01   1.15200010e+02   3.69950010e+02   6.75600100e+01\n",
      "    1.83460010e+02   4.99840000e+04]\n",
      " [  9.17580010e+02   1.19049484e+04   2.09018971e+03   2.14750081e+03\n",
      "    1.76427470e+04   9.11377800e+04   2.09212531e+03   1.87780731e+03\n",
      "    3.14976810e+02   1.49810501e+03   4.86098971e+03   8.71249210e+02\n",
      "    2.37177681e+03   6.56919910e+05]\n",
      " [  1.60750010e+02   2.09018971e+03   4.48075110e+02   3.81893910e+02\n",
      "    3.17015401e+03   1.60621200e+04   3.49115910e+02   2.99264910e+02\n",
      "    5.77143100e+01   2.47132310e+02   8.92229510e+02   1.44975010e+02\n",
      "    4.00226010e+02   1.12685240e+05]\n",
      " [  1.66000010e+02   2.14750081e+03   3.81893910e+02   3.94418210e+02\n",
      "    3.24855101e+03   1.65663000e+04   3.77346910e+02   3.39454210e+02\n",
      "    5.76798100e+01   2.70512110e+02   8.83039810e+02   1.57090010e+02\n",
      "    4.27837910e+02   1.18051030e+05]\n",
      " [  1.36970001e+03   1.76427470e+04   3.17015401e+03   3.24855101e+03\n",
      "    2.73873900e+04   1.35443500e+05   3.05103801e+03   2.71114901e+03\n",
      "    4.84985010e+02   2.19622401e+03   7.24474401e+03   1.28355101e+03\n",
      "    3.49105401e+03   9.35451800e+05]\n",
      " [  7.03800001e+03   9.11377800e+04   1.60621200e+04   1.65663000e+04\n",
      "    1.35443500e+05   7.10436000e+05   1.60188500e+04   1.44699300e+04\n",
      "    2.38242001e+03   1.14819200e+04   3.71944200e+04   6.67432001e+03\n",
      "    1.81684300e+04   5.04547000e+06]\n",
      " [  1.60930010e+02   2.09212531e+03   3.49115910e+02   3.77346910e+02\n",
      "    3.05103801e+03   1.60188500e+04   3.93046710e+02   3.64661210e+02\n",
      "    5.33227100e+01   2.76821410e+02   8.35057710e+02   1.56926010e+02\n",
      "    4.35883110e+02   1.19507380e+05]\n",
      " [  1.44280010e+02   1.87780731e+03   2.99264910e+02   3.39454210e+02\n",
      "    2.71114901e+03   1.44699300e+04   3.64661210e+02   3.65018610e+02\n",
      "    4.61120100e+01   2.60244310e+02   7.24243510e+02   1.44676410e+02\n",
      "    4.08270810e+02   1.10353010e+05]\n",
      " [  2.44100100e+01   3.14976810e+02   5.77143100e+01   5.76798100e+01\n",
      "    4.84985010e+02   2.38242001e+03   5.33227100e+01   4.61120100e+01\n",
      "    9.42771000e+00   3.87493100e+01   1.29913910e+02   2.28006100e+01\n",
      "    6.07084100e+01   1.65476100e+04]\n",
      " [  1.15200010e+02   1.49810501e+03   2.47132310e+02   2.70512110e+02\n",
      "    2.19622401e+03   1.14819200e+04   2.76821410e+02   2.60244310e+02\n",
      "    3.87493100e+01   2.08048810e+02   6.05447510e+02   1.11713510e+02\n",
      "    3.09871610e+02   8.50385000e+04]\n",
      " [  3.69950010e+02   4.86098971e+03   8.92229510e+02   8.83039810e+02\n",
      "    7.24474401e+03   3.71944200e+04   8.35057710e+02   7.24243510e+02\n",
      "    1.29913910e+02   6.05447510e+02   2.36321071e+03   3.29705710e+02\n",
      "    9.03947910e+02   2.74717580e+05]\n",
      " [  6.75600100e+01   8.71249210e+02   1.44975010e+02   1.57090010e+02\n",
      "    1.28355101e+03   6.67432001e+03   1.56926010e+02   1.44676410e+02\n",
      "    2.28006100e+01   1.11713510e+02   3.29705710e+02   6.77032100e+01\n",
      "    1.80202310e+02   4.84238500e+04]\n",
      " [  1.83460010e+02   2.37177681e+03   4.00226010e+02   4.27837910e+02\n",
      "    3.49105401e+03   1.81684300e+04   4.35883110e+02   4.08270810e+02\n",
      "    6.07084100e+01   3.09871610e+02   9.03947910e+02   1.80202310e+02\n",
      "    5.05565610e+02   1.32681520e+05]\n",
      " [  4.99840000e+04   6.56919910e+05   1.12685240e+05   1.18051030e+05\n",
      "    9.35451800e+05   5.04547000e+06   1.19507380e+05   1.10353010e+05\n",
      "    1.65476100e+04   8.50385000e+04   2.74717580e+05   4.84238500e+04\n",
      "    1.32681520e+05   4.13514960e+07]]\n",
      "[[  2.10000000e+01   3.10000000e+01   1.90000000e+01]\n",
      " [  2.88240000e+02   3.78650000e+02   2.50690000e+02]\n",
      " [  4.71700000e+01   5.39200000e+01   5.96600000e+01]\n",
      " [  5.02700000e+01   6.91400000e+01   4.65900000e+01]\n",
      " [  3.47200000e+02   6.17000000e+02   4.05500000e+02]\n",
      " [  2.22000000e+03   2.90600000e+03   1.91200000e+03]\n",
      " [  6.02700000e+01   6.82200000e+01   3.24400000e+01]\n",
      " [  6.36900000e+01   6.41100000e+01   1.64800000e+01]\n",
      " [  5.79000000e+00   1.07500000e+01   7.87000000e+00]\n",
      " [  4.19800000e+01   5.01400000e+01   2.30800000e+01]\n",
      " [  1.16420000e+02   1.01420000e+02   1.52110000e+02]\n",
      " [  2.20800000e+01   3.25700000e+01   1.29100000e+01]\n",
      " [  6.56400000e+01   8.50400000e+01   3.27800000e+01]\n",
      " [  2.25050000e+04   1.53990000e+04   1.20800000e+04]]\n"
     ]
    }
   ],
   "source": [
    "sum1 = 0\n",
    "sum2 = 0\n",
    "numRows = inputTrain.shape[0]\n",
    "new_col = np.ones((numRows,1))\n",
    "x = np.c_[new_col, inputTrain]\n",
    "sum1 = np.dot(x.T, x) + lmbda\n",
    "sum2 = np.dot(x.T, expectedOutputTrain)\n",
    "print(sum1)\n",
    "print(sum2)"
   ]
  },
  {
   "cell_type": "code",
   "execution_count": 202,
   "metadata": {
    "collapsed": false
   },
   "outputs": [
    {
     "data": {
      "text/plain": [
       "array([[ -2.68149903e+00,   3.55262198e+00,   1.28774330e-01],\n",
       "       [  1.68662040e-01,  -2.23414013e-01,   5.47592199e-02],\n",
       "       [  4.48128664e-02,  -6.13587464e-02,   1.65449527e-02],\n",
       "       [  2.63943018e-01,  -4.43047178e-01,   1.79103180e-01],\n",
       "       [ -3.19305652e-02,   3.49780887e-02,  -3.04667861e-03],\n",
       "       [ -1.10929599e-04,   8.64028645e-04,  -7.53005805e-04],\n",
       "       [ -8.01471207e-02,   2.23333236e-02,   5.78139246e-02],\n",
       "       [  1.32957485e-01,   3.41501469e-02,  -1.67109297e-01],\n",
       "       [ -1.06172741e-01,   1.64627383e-01,  -5.84669423e-02],\n",
       "       [ -2.73582736e-02,   1.34301194e-01,  -1.06943530e-01],\n",
       "       [ -1.84479620e-02,  -4.38680881e-02,   6.23151250e-02],\n",
       "       [ -2.06136061e-02,   4.32507255e-01,  -4.11890293e-01],\n",
       "       [  1.46702480e-01,  -1.39726024e-02,  -1.32728988e-01],\n",
       "       [  6.17899906e-04,  -5.05288738e-04,  -1.12617674e-04]])"
      ]
     },
     "execution_count": 202,
     "metadata": {},
     "output_type": "execute_result"
    }
   ],
   "source": [
    "W= np.dot(np.linalg.inv(sum1), sum2)\n",
    "#W = np.array(W)[np.newaxis]\n",
    "W"
   ]
  },
  {
   "cell_type": "code",
   "execution_count": 203,
   "metadata": {
    "collapsed": true
   },
   "outputs": [],
   "source": [
    "#testing\n",
    "total = expectedOutputTest.shape[0]\n",
    "predicted = np.zeros((total, K))\n",
    "i=0\n",
    "class1Correct=class2Correct=totalCorrect=class3Correct=0\n",
    "correctPredictionCol = [0]*total"
   ]
  },
  {
   "cell_type": "code",
   "execution_count": 204,
   "metadata": {
    "collapsed": false
   },
   "outputs": [
    {
     "name": "stdout",
     "output_type": "stream",
     "text": [
      "105\n",
      "class1 misclassification error =  0.0\n",
      "class2 misclassification error =  5.0\n",
      "class3 misclassification error =  0.0\n",
      "total misclassification error =  1.8691588785046775\n",
      "107\n"
     ]
    }
   ],
   "source": [
    "for i in range(total):\n",
    "    x = inputTest[i]    \n",
    "    x = np.append(1,x)\n",
    "    x = x.reshape(1,D)\n",
    "    values = np.dot(W.T,x.T)\n",
    "    values = values.T\n",
    "    values = values.flatten()\n",
    "    maxIndex = np.argmax(values)\n",
    "    if expectedOutputTest[i][maxIndex] == 1:\n",
    "        if maxIndex == 0:\n",
    "            class1Correct += 1\n",
    "        elif maxIndex == 1:\n",
    "            class2Correct += 1\n",
    "        elif maxIndex == 2:\n",
    "            class3Correct += 1\n",
    "        correctPredictionCol[i] = 1\n",
    "    predicted[i][maxIndex] = 1\n",
    "totalCorrect = class1Correct + class2Correct + class3Correct\n",
    "print(totalCorrect)\n",
    "totalAccuracy=totalCorrect/float(total)*100\n",
    "class1Accuracy = class1Correct/float(class1Total)*100\n",
    "class2Accuracy = class2Correct/float(class2Total)*100\n",
    "class3Accuracy = class3Correct/float(class3Total)*100\n",
    "print(\"class1 misclassification error = \", 100 - class1Accuracy)\n",
    "print(\"class2 misclassification error = \", 100 - class2Accuracy)\n",
    "print(\"class3 misclassification error = \", 100 - class3Accuracy)\n",
    "print(\"total misclassification error = \", 100 - totalAccuracy)\n",
    "print(total)"
   ]
  }
 ],
 "metadata": {
  "kernelspec": {
   "display_name": "Python 3",
   "language": "python",
   "name": "python3"
  },
  "language_info": {
   "codemirror_mode": {
    "name": "ipython",
    "version": 3
   },
   "file_extension": ".py",
   "mimetype": "text/x-python",
   "name": "python",
   "nbconvert_exporter": "python",
   "pygments_lexer": "ipython3",
   "version": "3.6.0"
  }
 },
 "nbformat": 4,
 "nbformat_minor": 2
}
