{
 "cells": [
  {
   "cell_type": "code",
   "execution_count": 34,
   "metadata": {
    "collapsed": false
   },
   "outputs": [],
   "source": [
    "import numpy as np\n",
    "import pandas as pd\n",
    "import collections\n",
    "from random import shuffle, randint\n",
    "\n",
    "from sklearn.cross_validation import train_test_split\n",
    "from sklearn.metrics import confusion_matrix"
   ]
  },
  {
   "cell_type": "code",
   "execution_count": 35,
   "metadata": {
    "collapsed": false
   },
   "outputs": [
    {
     "data": {
      "text/html": [
       "<div>\n",
       "<table border=\"1\" class=\"dataframe\">\n",
       "  <thead>\n",
       "    <tr style=\"text-align: right;\">\n",
       "      <th></th>\n",
       "      <th>0</th>\n",
       "      <th>1</th>\n",
       "      <th>2</th>\n",
       "      <th>3</th>\n",
       "      <th>4</th>\n",
       "      <th>5</th>\n",
       "      <th>6</th>\n",
       "      <th>7</th>\n",
       "      <th>8</th>\n",
       "      <th>9</th>\n",
       "      <th>10</th>\n",
       "      <th>11</th>\n",
       "      <th>12</th>\n",
       "      <th>13</th>\n",
       "    </tr>\n",
       "  </thead>\n",
       "  <tbody>\n",
       "    <tr>\n",
       "      <th>0</th>\n",
       "      <td>1</td>\n",
       "      <td>14.23</td>\n",
       "      <td>1.71</td>\n",
       "      <td>2.43</td>\n",
       "      <td>15.6</td>\n",
       "      <td>127</td>\n",
       "      <td>2.80</td>\n",
       "      <td>3.06</td>\n",
       "      <td>0.28</td>\n",
       "      <td>2.29</td>\n",
       "      <td>5.64</td>\n",
       "      <td>1.04</td>\n",
       "      <td>3.92</td>\n",
       "      <td>1065</td>\n",
       "    </tr>\n",
       "    <tr>\n",
       "      <th>1</th>\n",
       "      <td>1</td>\n",
       "      <td>13.20</td>\n",
       "      <td>1.78</td>\n",
       "      <td>2.14</td>\n",
       "      <td>11.2</td>\n",
       "      <td>100</td>\n",
       "      <td>2.65</td>\n",
       "      <td>2.76</td>\n",
       "      <td>0.26</td>\n",
       "      <td>1.28</td>\n",
       "      <td>4.38</td>\n",
       "      <td>1.05</td>\n",
       "      <td>3.40</td>\n",
       "      <td>1050</td>\n",
       "    </tr>\n",
       "    <tr>\n",
       "      <th>2</th>\n",
       "      <td>1</td>\n",
       "      <td>13.16</td>\n",
       "      <td>2.36</td>\n",
       "      <td>2.67</td>\n",
       "      <td>18.6</td>\n",
       "      <td>101</td>\n",
       "      <td>2.80</td>\n",
       "      <td>3.24</td>\n",
       "      <td>0.30</td>\n",
       "      <td>2.81</td>\n",
       "      <td>5.68</td>\n",
       "      <td>1.03</td>\n",
       "      <td>3.17</td>\n",
       "      <td>1185</td>\n",
       "    </tr>\n",
       "    <tr>\n",
       "      <th>3</th>\n",
       "      <td>1</td>\n",
       "      <td>14.37</td>\n",
       "      <td>1.95</td>\n",
       "      <td>2.50</td>\n",
       "      <td>16.8</td>\n",
       "      <td>113</td>\n",
       "      <td>3.85</td>\n",
       "      <td>3.49</td>\n",
       "      <td>0.24</td>\n",
       "      <td>2.18</td>\n",
       "      <td>7.80</td>\n",
       "      <td>0.86</td>\n",
       "      <td>3.45</td>\n",
       "      <td>1480</td>\n",
       "    </tr>\n",
       "    <tr>\n",
       "      <th>4</th>\n",
       "      <td>1</td>\n",
       "      <td>13.24</td>\n",
       "      <td>2.59</td>\n",
       "      <td>2.87</td>\n",
       "      <td>21.0</td>\n",
       "      <td>118</td>\n",
       "      <td>2.80</td>\n",
       "      <td>2.69</td>\n",
       "      <td>0.39</td>\n",
       "      <td>1.82</td>\n",
       "      <td>4.32</td>\n",
       "      <td>1.04</td>\n",
       "      <td>2.93</td>\n",
       "      <td>735</td>\n",
       "    </tr>\n",
       "  </tbody>\n",
       "</table>\n",
       "</div>"
      ],
      "text/plain": [
       "   0      1     2     3     4    5     6     7     8     9     10    11    12  \\\n",
       "0   1  14.23  1.71  2.43  15.6  127  2.80  3.06  0.28  2.29  5.64  1.04  3.92   \n",
       "1   1  13.20  1.78  2.14  11.2  100  2.65  2.76  0.26  1.28  4.38  1.05  3.40   \n",
       "2   1  13.16  2.36  2.67  18.6  101  2.80  3.24  0.30  2.81  5.68  1.03  3.17   \n",
       "3   1  14.37  1.95  2.50  16.8  113  3.85  3.49  0.24  2.18  7.80  0.86  3.45   \n",
       "4   1  13.24  2.59  2.87  21.0  118  2.80  2.69  0.39  1.82  4.32  1.04  2.93   \n",
       "\n",
       "     13  \n",
       "0  1065  \n",
       "1  1050  \n",
       "2  1185  \n",
       "3  1480  \n",
       "4   735  "
      ]
     },
     "execution_count": 35,
     "metadata": {},
     "output_type": "execute_result"
    }
   ],
   "source": [
    "#read in csv file\n",
    "data = pd.read_csv(\"wine.csv\", header=None)\n",
    "trainPercent = 40 #must be between 0 and 100\n",
    "lmbda = .00001\n",
    "numberRowsOfClass1 = 59\n",
    "numberRowsOfClass2 = 71\n",
    "numberRowsOfClass3 = 48\n",
    "data.head() #look at first 5 rows of the data"
   ]
  },
  {
   "cell_type": "code",
   "execution_count": 36,
   "metadata": {
    "collapsed": false
   },
   "outputs": [
    {
     "data": {
      "text/html": [
       "<div>\n",
       "<table border=\"1\" class=\"dataframe\">\n",
       "  <thead>\n",
       "    <tr style=\"text-align: right;\">\n",
       "      <th></th>\n",
       "      <th>1</th>\n",
       "      <th>2</th>\n",
       "      <th>3</th>\n",
       "      <th>4</th>\n",
       "      <th>5</th>\n",
       "      <th>6</th>\n",
       "      <th>7</th>\n",
       "      <th>8</th>\n",
       "      <th>9</th>\n",
       "      <th>10</th>\n",
       "      <th>11</th>\n",
       "      <th>12</th>\n",
       "      <th>13</th>\n",
       "    </tr>\n",
       "  </thead>\n",
       "  <tbody>\n",
       "    <tr>\n",
       "      <th>0</th>\n",
       "      <td>14.23</td>\n",
       "      <td>1.71</td>\n",
       "      <td>2.43</td>\n",
       "      <td>15.6</td>\n",
       "      <td>127</td>\n",
       "      <td>2.80</td>\n",
       "      <td>3.06</td>\n",
       "      <td>0.28</td>\n",
       "      <td>2.29</td>\n",
       "      <td>5.64</td>\n",
       "      <td>1.04</td>\n",
       "      <td>3.92</td>\n",
       "      <td>1065</td>\n",
       "    </tr>\n",
       "    <tr>\n",
       "      <th>1</th>\n",
       "      <td>13.20</td>\n",
       "      <td>1.78</td>\n",
       "      <td>2.14</td>\n",
       "      <td>11.2</td>\n",
       "      <td>100</td>\n",
       "      <td>2.65</td>\n",
       "      <td>2.76</td>\n",
       "      <td>0.26</td>\n",
       "      <td>1.28</td>\n",
       "      <td>4.38</td>\n",
       "      <td>1.05</td>\n",
       "      <td>3.40</td>\n",
       "      <td>1050</td>\n",
       "    </tr>\n",
       "    <tr>\n",
       "      <th>2</th>\n",
       "      <td>13.16</td>\n",
       "      <td>2.36</td>\n",
       "      <td>2.67</td>\n",
       "      <td>18.6</td>\n",
       "      <td>101</td>\n",
       "      <td>2.80</td>\n",
       "      <td>3.24</td>\n",
       "      <td>0.30</td>\n",
       "      <td>2.81</td>\n",
       "      <td>5.68</td>\n",
       "      <td>1.03</td>\n",
       "      <td>3.17</td>\n",
       "      <td>1185</td>\n",
       "    </tr>\n",
       "    <tr>\n",
       "      <th>3</th>\n",
       "      <td>14.37</td>\n",
       "      <td>1.95</td>\n",
       "      <td>2.50</td>\n",
       "      <td>16.8</td>\n",
       "      <td>113</td>\n",
       "      <td>3.85</td>\n",
       "      <td>3.49</td>\n",
       "      <td>0.24</td>\n",
       "      <td>2.18</td>\n",
       "      <td>7.80</td>\n",
       "      <td>0.86</td>\n",
       "      <td>3.45</td>\n",
       "      <td>1480</td>\n",
       "    </tr>\n",
       "    <tr>\n",
       "      <th>4</th>\n",
       "      <td>13.24</td>\n",
       "      <td>2.59</td>\n",
       "      <td>2.87</td>\n",
       "      <td>21.0</td>\n",
       "      <td>118</td>\n",
       "      <td>2.80</td>\n",
       "      <td>2.69</td>\n",
       "      <td>0.39</td>\n",
       "      <td>1.82</td>\n",
       "      <td>4.32</td>\n",
       "      <td>1.04</td>\n",
       "      <td>2.93</td>\n",
       "      <td>735</td>\n",
       "    </tr>\n",
       "  </tbody>\n",
       "</table>\n",
       "</div>"
      ],
      "text/plain": [
       "      1     2     3     4    5     6     7     8     9     10    11    12  \\\n",
       "0  14.23  1.71  2.43  15.6  127  2.80  3.06  0.28  2.29  5.64  1.04  3.92   \n",
       "1  13.20  1.78  2.14  11.2  100  2.65  2.76  0.26  1.28  4.38  1.05  3.40   \n",
       "2  13.16  2.36  2.67  18.6  101  2.80  3.24  0.30  2.81  5.68  1.03  3.17   \n",
       "3  14.37  1.95  2.50  16.8  113  3.85  3.49  0.24  2.18  7.80  0.86  3.45   \n",
       "4  13.24  2.59  2.87  21.0  118  2.80  2.69  0.39  1.82  4.32  1.04  2.93   \n",
       "\n",
       "     13  \n",
       "0  1065  \n",
       "1  1050  \n",
       "2  1185  \n",
       "3  1480  \n",
       "4   735  "
      ]
     },
     "execution_count": 36,
     "metadata": {},
     "output_type": "execute_result"
    }
   ],
   "source": [
    "#Grab desired inputs to test one. Build a dataframe from them.\n",
    "dataInputs= data.loc[:,1:13]\n",
    "dataInputs.head()"
   ]
  },
  {
   "cell_type": "code",
   "execution_count": 37,
   "metadata": {
    "collapsed": false
   },
   "outputs": [
    {
     "data": {
      "text/plain": [
       "array([[1, 0, 0],\n",
       "       [1, 0, 0],\n",
       "       [1, 0, 0],\n",
       "       [1, 0, 0],\n",
       "       [1, 0, 0],\n",
       "       [1, 0, 0],\n",
       "       [1, 0, 0],\n",
       "       [1, 0, 0],\n",
       "       [1, 0, 0],\n",
       "       [1, 0, 0],\n",
       "       [1, 0, 0],\n",
       "       [1, 0, 0],\n",
       "       [1, 0, 0],\n",
       "       [1, 0, 0],\n",
       "       [1, 0, 0],\n",
       "       [1, 0, 0],\n",
       "       [1, 0, 0],\n",
       "       [1, 0, 0],\n",
       "       [1, 0, 0],\n",
       "       [1, 0, 0],\n",
       "       [1, 0, 0],\n",
       "       [1, 0, 0],\n",
       "       [1, 0, 0],\n",
       "       [1, 0, 0],\n",
       "       [1, 0, 0],\n",
       "       [1, 0, 0],\n",
       "       [1, 0, 0],\n",
       "       [1, 0, 0],\n",
       "       [1, 0, 0],\n",
       "       [1, 0, 0],\n",
       "       [1, 0, 0],\n",
       "       [1, 0, 0],\n",
       "       [1, 0, 0],\n",
       "       [1, 0, 0],\n",
       "       [1, 0, 0],\n",
       "       [1, 0, 0],\n",
       "       [1, 0, 0],\n",
       "       [1, 0, 0],\n",
       "       [1, 0, 0],\n",
       "       [1, 0, 0],\n",
       "       [1, 0, 0],\n",
       "       [1, 0, 0],\n",
       "       [1, 0, 0],\n",
       "       [1, 0, 0],\n",
       "       [1, 0, 0],\n",
       "       [1, 0, 0],\n",
       "       [1, 0, 0],\n",
       "       [1, 0, 0],\n",
       "       [1, 0, 0],\n",
       "       [1, 0, 0],\n",
       "       [1, 0, 0],\n",
       "       [1, 0, 0],\n",
       "       [1, 0, 0],\n",
       "       [1, 0, 0],\n",
       "       [1, 0, 0],\n",
       "       [1, 0, 0],\n",
       "       [1, 0, 0],\n",
       "       [1, 0, 0],\n",
       "       [1, 0, 0],\n",
       "       [0, 1, 0],\n",
       "       [0, 1, 0],\n",
       "       [0, 1, 0],\n",
       "       [0, 1, 0],\n",
       "       [0, 1, 0],\n",
       "       [0, 1, 0],\n",
       "       [0, 1, 0],\n",
       "       [0, 1, 0],\n",
       "       [0, 1, 0],\n",
       "       [0, 1, 0],\n",
       "       [0, 1, 0],\n",
       "       [0, 1, 0],\n",
       "       [0, 1, 0],\n",
       "       [0, 1, 0],\n",
       "       [0, 1, 0],\n",
       "       [0, 1, 0],\n",
       "       [0, 1, 0],\n",
       "       [0, 1, 0],\n",
       "       [0, 1, 0],\n",
       "       [0, 1, 0],\n",
       "       [0, 1, 0],\n",
       "       [0, 1, 0],\n",
       "       [0, 1, 0],\n",
       "       [0, 1, 0],\n",
       "       [0, 1, 0],\n",
       "       [0, 1, 0],\n",
       "       [0, 1, 0],\n",
       "       [0, 1, 0],\n",
       "       [0, 1, 0],\n",
       "       [0, 1, 0],\n",
       "       [0, 1, 0],\n",
       "       [0, 1, 0],\n",
       "       [0, 1, 0],\n",
       "       [0, 1, 0],\n",
       "       [0, 1, 0],\n",
       "       [0, 1, 0],\n",
       "       [0, 1, 0],\n",
       "       [0, 1, 0],\n",
       "       [0, 1, 0],\n",
       "       [0, 1, 0],\n",
       "       [0, 1, 0],\n",
       "       [0, 1, 0],\n",
       "       [0, 1, 0],\n",
       "       [0, 1, 0],\n",
       "       [0, 1, 0],\n",
       "       [0, 1, 0],\n",
       "       [0, 1, 0],\n",
       "       [0, 1, 0],\n",
       "       [0, 1, 0],\n",
       "       [0, 1, 0],\n",
       "       [0, 1, 0],\n",
       "       [0, 1, 0],\n",
       "       [0, 1, 0],\n",
       "       [0, 1, 0],\n",
       "       [0, 1, 0],\n",
       "       [0, 1, 0],\n",
       "       [0, 1, 0],\n",
       "       [0, 1, 0],\n",
       "       [0, 1, 0],\n",
       "       [0, 1, 0],\n",
       "       [0, 1, 0],\n",
       "       [0, 1, 0],\n",
       "       [0, 1, 0],\n",
       "       [0, 1, 0],\n",
       "       [0, 1, 0],\n",
       "       [0, 1, 0],\n",
       "       [0, 1, 0],\n",
       "       [0, 1, 0],\n",
       "       [0, 1, 0],\n",
       "       [0, 1, 0],\n",
       "       [0, 1, 0],\n",
       "       [0, 0, 1],\n",
       "       [0, 0, 1],\n",
       "       [0, 0, 1],\n",
       "       [0, 0, 1],\n",
       "       [0, 0, 1],\n",
       "       [0, 0, 1],\n",
       "       [0, 0, 1],\n",
       "       [0, 0, 1],\n",
       "       [0, 0, 1],\n",
       "       [0, 0, 1],\n",
       "       [0, 0, 1],\n",
       "       [0, 0, 1],\n",
       "       [0, 0, 1],\n",
       "       [0, 0, 1],\n",
       "       [0, 0, 1],\n",
       "       [0, 0, 1],\n",
       "       [0, 0, 1],\n",
       "       [0, 0, 1],\n",
       "       [0, 0, 1],\n",
       "       [0, 0, 1],\n",
       "       [0, 0, 1],\n",
       "       [0, 0, 1],\n",
       "       [0, 0, 1],\n",
       "       [0, 0, 1],\n",
       "       [0, 0, 1],\n",
       "       [0, 0, 1],\n",
       "       [0, 0, 1],\n",
       "       [0, 0, 1],\n",
       "       [0, 0, 1],\n",
       "       [0, 0, 1],\n",
       "       [0, 0, 1],\n",
       "       [0, 0, 1],\n",
       "       [0, 0, 1],\n",
       "       [0, 0, 1],\n",
       "       [0, 0, 1],\n",
       "       [0, 0, 1],\n",
       "       [0, 0, 1],\n",
       "       [0, 0, 1],\n",
       "       [0, 0, 1],\n",
       "       [0, 0, 1],\n",
       "       [0, 0, 1],\n",
       "       [0, 0, 1],\n",
       "       [0, 0, 1],\n",
       "       [0, 0, 1],\n",
       "       [0, 0, 1],\n",
       "       [0, 0, 1],\n",
       "       [0, 0, 1],\n",
       "       [0, 0, 1]])"
      ]
     },
     "execution_count": 37,
     "metadata": {},
     "output_type": "execute_result"
    }
   ],
   "source": [
    "#Grab the expected outputs. (This is supervised learning)\n",
    "y1=[]\n",
    "y2=[]\n",
    "y3=[]\n",
    "for i in range(0,numberRowsOfClass1):\n",
    "    y1.append([1,0,0]);#class1\n",
    "for j in range(0, numberRowsOfClass2):\n",
    "    y2.append([0,1,0]);#class2\n",
    "for k in range(0, numberRowsOfClass3):\n",
    "    y3.append([0,0,1]);#Class3\n",
    "expectedOutput=np.concatenate([y1,y2,y3])\n",
    "expectedOutput"
   ]
  },
  {
   "cell_type": "code",
   "execution_count": 38,
   "metadata": {
    "collapsed": false
   },
   "outputs": [
    {
     "name": "stdout",
     "output_type": "stream",
     "text": [
      "(71, 13)\n",
      "(71, 3)\n",
      "(107, 13)\n",
      "(107, 3)\n",
      "[[ 0  0  1 27]\n",
      " [ 1  0  0 36]\n",
      " [ 0  1  0 44]]\n",
      "36\n",
      "44\n",
      "27\n"
     ]
    }
   ],
   "source": [
    "#Hint: use train_test_split\n",
    "inputTrain, inputTest, expectedOutputTrain, expectedOutputTest = train_test_split(dataInputs, expectedOutput, train_size = trainPercent/100)\n",
    "\n",
    "#inputTest.head()\n",
    "print(inputTrain.shape)\n",
    "print(expectedOutputTrain.shape)\n",
    "print(inputTest.shape)\n",
    "print(expectedOutputTest.shape)\n",
    "d = collections.OrderedDict()\n",
    "for a in expectedOutputTest:\n",
    "    t = tuple(a)\n",
    "    if t in d:\n",
    "        d[t] += 1\n",
    "    else:\n",
    "        d[t] = 1\n",
    "\n",
    "result = []\n",
    "for (key, value) in d.items():\n",
    "    result.append(list(key) + [value])\n",
    "\n",
    "B = np.asarray(result)\n",
    "print(B)\n",
    "for Bi in B:\n",
    "    if Bi[0] == 1:\n",
    "        class1Total = Bi[3]\n",
    "    elif Bi[1] == 1:\n",
    "        class2Total = Bi[3]\n",
    "    elif Bi[2] == 1:\n",
    "        class3Total = Bi[3]\n",
    "    \n",
    "print(class1Total)\n",
    "print(class2Total)\n",
    "print(class3Total)"
   ]
  },
  {
   "cell_type": "code",
   "execution_count": 39,
   "metadata": {
    "collapsed": true
   },
   "outputs": [],
   "source": [
    "#Build our least squares classifier for 2 classes\n",
    "D = inputTrain.shape[1] + 1 #num of attributes, +1 is for the intercept (column of 1s)\n",
    "K = expectedOutput.shape[1]"
   ]
  },
  {
   "cell_type": "code",
   "execution_count": 40,
   "metadata": {
    "collapsed": false
   },
   "outputs": [
    {
     "data": {
      "text/plain": [
       "array([[  1.00000000e+00,   1.18400000e+01,   8.90000000e-01,\n",
       "          2.58000000e+00,   1.80000000e+01,   9.40000000e+01,\n",
       "          2.20000000e+00,   2.21000000e+00,   2.20000000e-01,\n",
       "          2.35000000e+00,   3.05000000e+00,   7.90000000e-01,\n",
       "          3.08000000e+00,   5.20000000e+02]])"
      ]
     },
     "execution_count": 40,
     "metadata": {},
     "output_type": "execute_result"
    }
   ],
   "source": [
    "expectedOutputTrain = np.asarray(expectedOutputTrain)\n",
    "expectedOutputTest = np.asarray(expectedOutputTest)\n",
    "inputTrain = np.asarray(inputTrain)\n",
    "inputTest = np.asarray(inputTest)\n",
    "p = np.append(1, inputTrain[0])\n",
    "p.shape\n",
    "p.reshape(1,D)"
   ]
  },
  {
   "cell_type": "code",
   "execution_count": 41,
   "metadata": {
    "collapsed": false
   },
   "outputs": [
    {
     "name": "stdout",
     "output_type": "stream",
     "text": [
      "[[  7.10000100e+01   9.28120010e+02   1.76840010e+02   1.71220010e+02\n",
      "    1.40680001e+03   7.11200001e+03   1.62460010e+02   1.40810010e+02\n",
      "    2.66500100e+01   1.11630010e+02   3.68760010e+02   6.42060100e+01\n",
      "    1.81100010e+02   5.38490000e+04]\n",
      " [  9.28120010e+02   1.21756422e+04   2.30312431e+03   2.24131471e+03\n",
      "    1.83562250e+04   9.31801400e+04   2.13764511e+03   1.85721831e+03\n",
      "    3.46338010e+02   1.46311631e+03   4.89612671e+03   8.39881650e+02\n",
      "    2.37213991e+03   7.14354410e+05]\n",
      " [  1.76840010e+02   2.30312431e+03   5.26447410e+02   4.29352610e+02\n",
      "    3.59814301e+03   1.74293600e+04   3.83572810e+02   3.09824010e+02\n",
      "    7.12584100e+01   2.62716710e+02   9.39839310e+02   1.51310870e+02\n",
      "    4.28052210e+02   1.24594170e+05]\n",
      " [  1.71220010e+02   2.24131471e+03   4.29352610e+02   4.16589210e+02\n",
      "    3.41495101e+03   1.71759400e+04   3.93223310e+02   3.40087510e+02\n",
      "    6.45670100e+01   2.68843810e+02   9.01293910e+02   1.54492870e+02\n",
      "    4.35870010e+02   1.30519650e+05]\n",
      " [  1.40680001e+03   1.83562250e+04   3.59814301e+03   3.41495101e+03\n",
      "    2.86060400e+04   1.40101700e+05   3.16405101e+03   2.68363401e+03\n",
      "    5.41350010e+02   2.18838301e+03   7.33238901e+03   1.25520941e+03\n",
      "    3.52128201e+03   1.02692300e+06]\n",
      " [  7.11200001e+03   9.31801400e+04   1.74293600e+04   1.71759400e+04\n",
      "    1.40101700e+05   7.26224000e+05   1.64333100e+04   1.43602800e+04\n",
      "    2.62961001e+03   1.13540200e+04   3.71156000e+04   6.47452801e+03\n",
      "    1.82347600e+04   5.53029400e+06]\n",
      " [  1.62460010e+02   2.13764511e+03   3.83572810e+02   3.93223310e+02\n",
      "    3.16405101e+03   1.64333100e+04   4.01352610e+02   3.60638410e+02\n",
      "    5.73372100e+01   2.71029010e+02   8.57426810e+02   1.50302810e+02\n",
      "    4.37217610e+02   1.31844900e+05]\n",
      " [  1.40810010e+02   1.85721831e+03   3.09824010e+02   3.40087510e+02\n",
      "    2.68363401e+03   1.43602800e+04   3.60638410e+02   3.49882910e+02\n",
      "    4.63171100e+01   2.46820210e+02   7.08450310e+02   1.35667530e+02\n",
      "    4.00957210e+02   1.20375170e+05]\n",
      " [  2.66500100e+01   3.46338010e+02   7.12584100e+01   6.45670100e+01\n",
      "    5.41350010e+02   2.62961001e+03   5.73372100e+01   4.63171100e+01\n",
      "    1.13613100e+01   3.95528100e+01   1.40046110e+02   2.35913300e+01\n",
      "    6.38694100e+01   1.87202500e+04]\n",
      " [  1.11630010e+02   1.46311631e+03   2.62716710e+02   2.68843810e+02\n",
      "    2.18838301e+03   1.13540200e+04   2.71029010e+02   2.46820210e+02\n",
      "    3.95528100e+01   2.01814510e+02   5.86077010e+02   1.03059470e+02\n",
      "    2.98701510e+02   8.90420500e+04]\n",
      " [  3.68760010e+02   4.89612671e+03   9.39839310e+02   9.01293910e+02\n",
      "    7.33238901e+03   3.71156000e+04   8.57426810e+02   7.08450310e+02\n",
      "    1.40046110e+02   5.86077010e+02   2.30052281e+03   3.17259610e+02\n",
      "    8.94016910e+02   2.93666990e+05]\n",
      " [  6.42060100e+01   8.39881650e+02   1.51310870e+02   1.54492870e+02\n",
      "    1.25520941e+03   6.47452801e+03   1.50302810e+02   1.35667530e+02\n",
      "    2.35913300e+01   1.03059470e+02   3.17259610e+02   6.10528460e+01\n",
      "    1.69036330e+02   5.03809800e+04]\n",
      " [  1.81100010e+02   2.37213991e+03   4.28052210e+02   4.35870010e+02\n",
      "    3.52128201e+03   1.82347600e+04   4.37217610e+02   4.00957210e+02\n",
      "    6.38694100e+01   2.98701510e+02   8.94016910e+02   1.69036330e+02\n",
      "    4.99942010e+02   1.43648450e+05]\n",
      " [  5.38490000e+04   7.14354410e+05   1.24594170e+05   1.30519650e+05\n",
      "    1.02692300e+06   5.53029400e+06   1.31844900e+05   1.20375170e+05\n",
      "    1.87202500e+04   8.90420500e+04   2.93666990e+05   5.03809800e+04\n",
      "    1.43648450e+05   4.81581170e+07]]\n",
      "[[  2.30000000e+01   2.70000000e+01   2.10000000e+01]\n",
      " [  3.17070000e+02   3.34700000e+02   2.76350000e+02]\n",
      " [  4.37200000e+01   6.00500000e+01   7.30700000e+01]\n",
      " [  5.65100000e+01   6.19500000e+01   5.27600000e+01]\n",
      " [  3.93300000e+02   5.51500000e+02   4.62000000e+02]\n",
      " [  2.45700000e+03   2.60200000e+03   2.05300000e+03]\n",
      " [  6.69700000e+01   5.79000000e+01   3.75900000e+01]\n",
      " [  7.09000000e+01   5.31800000e+01   1.67300000e+01]\n",
      " [  6.09000000e+00   1.07700000e+01   9.79000000e+00]\n",
      " [  4.24400000e+01   4.35800000e+01   2.56100000e+01]\n",
      " [  1.33590000e+02   8.31700000e+01   1.52000000e+02]\n",
      " [  2.35200000e+01   2.64360000e+01   1.42500000e+01]\n",
      " [  7.26500000e+01   7.28000000e+01   3.56500000e+01]\n",
      " [  2.68350000e+04   1.43390000e+04   1.26750000e+04]]\n"
     ]
    }
   ],
   "source": [
    "sum1 = 0\n",
    "sum2 = 0\n",
    "numRows = inputTrain.shape[0]\n",
    "new_col = np.ones((numRows,1))\n",
    "x = np.c_[new_col, inputTrain]\n",
    "sum1 = np.dot(x.T, x) + lmbda\n",
    "sum2 = np.dot(x.T, expectedOutputTrain)\n",
    "print(sum1)\n",
    "print(sum2)"
   ]
  },
  {
   "cell_type": "code",
   "execution_count": 42,
   "metadata": {
    "collapsed": false
   },
   "outputs": [
    {
     "data": {
      "text/plain": [
       "array([[ -1.94433494e+00,   3.29459515e+00,  -3.50335543e-01],\n",
       "       [  1.22094756e-01,  -1.46558168e-01,   2.44691288e-02],\n",
       "       [  2.61788562e-02,  -1.09049367e-01,   8.28705990e-02],\n",
       "       [  1.56107379e-01,  -5.58884223e-01,   4.02778934e-01],\n",
       "       [ -2.19929617e-02,   2.73745028e-02,  -5.38130693e-03],\n",
       "       [ -1.05913137e-03,   6.31922976e-04,   4.27253687e-04],\n",
       "       [ -1.46266024e-01,   5.32847833e-02,   9.29819518e-02],\n",
       "       [  2.59514816e-01,   1.11092642e-01,  -3.70609083e-01],\n",
       "       [  6.66503615e-02,   6.81547614e-01,  -7.48203037e-01],\n",
       "       [ -9.24685311e-02,   4.78378497e-02,   4.46319126e-02],\n",
       "       [  9.52674902e-03,  -6.45251969e-02,   5.49971533e-02],\n",
       "       [ -1.21270761e-01,   2.22135174e-01,  -1.00867682e-01],\n",
       "       [  8.83091662e-02,  -8.27184865e-03,  -8.00375109e-02],\n",
       "       [  7.22201746e-04,  -6.62853822e-04,  -5.93508722e-05]])"
      ]
     },
     "execution_count": 42,
     "metadata": {},
     "output_type": "execute_result"
    }
   ],
   "source": [
    "W= np.dot(np.linalg.inv(sum1), sum2)\n",
    "#W = np.array(W)[np.newaxis]\n",
    "W"
   ]
  },
  {
   "cell_type": "code",
   "execution_count": 43,
   "metadata": {
    "collapsed": true
   },
   "outputs": [],
   "source": [
    "#testing\n",
    "total = expectedOutputTest.shape[0]\n",
    "predicted = np.zeros((total, K))\n",
    "i=0\n",
    "class1Correct=class2Correct=totalCorrect=class3Correct=0\n",
    "correctPredictionCol = [0]*total"
   ]
  },
  {
   "cell_type": "code",
   "execution_count": 44,
   "metadata": {
    "collapsed": false
   },
   "outputs": [
    {
     "name": "stdout",
     "output_type": "stream",
     "text": [
      "[[  1.36200000e+01   4.95000000e+00   2.35000000e+00 ...,   9.10000000e-01\n",
      "    2.05000000e+00   5.50000000e+02]\n",
      " [  1.33600000e+01   2.56000000e+00   2.35000000e+00 ...,   7.00000000e-01\n",
      "    2.47000000e+00   7.80000000e+02]\n",
      " [  1.27700000e+01   2.39000000e+00   2.28000000e+00 ...,   5.70000000e-01\n",
      "    1.63000000e+00   4.70000000e+02]\n",
      " ..., \n",
      " [  1.27900000e+01   2.67000000e+00   2.48000000e+00 ...,   4.80000000e-01\n",
      "    1.47000000e+00   4.80000000e+02]\n",
      " [  1.34100000e+01   3.84000000e+00   2.12000000e+00 ...,   9.10000000e-01\n",
      "    3.00000000e+00   1.03500000e+03]\n",
      " [  1.35000000e+01   1.81000000e+00   2.61000000e+00 ...,   1.12000000e+00\n",
      "    3.82000000e+00   8.45000000e+02]]\n",
      "<class 'numpy.ndarray'>\n",
      "<class 'numpy.ndarray'>\n",
      "<class 'numpy.ndarray'>\n",
      "<class 'numpy.ndarray'>\n",
      "<class 'numpy.ndarray'>\n",
      "<class 'numpy.ndarray'>\n",
      "<class 'numpy.ndarray'>\n",
      "<class 'numpy.ndarray'>\n",
      "<class 'numpy.ndarray'>\n",
      "<class 'numpy.ndarray'>\n",
      "<class 'numpy.ndarray'>\n",
      "<class 'numpy.ndarray'>\n",
      "<class 'numpy.ndarray'>\n",
      "<class 'numpy.ndarray'>\n",
      "<class 'numpy.ndarray'>\n",
      "<class 'numpy.ndarray'>\n",
      "<class 'numpy.ndarray'>\n",
      "<class 'numpy.ndarray'>\n",
      "<class 'numpy.ndarray'>\n",
      "<class 'numpy.ndarray'>\n",
      "<class 'numpy.ndarray'>\n",
      "<class 'numpy.ndarray'>\n",
      "<class 'numpy.ndarray'>\n",
      "<class 'numpy.ndarray'>\n",
      "<class 'numpy.ndarray'>\n",
      "<class 'numpy.ndarray'>\n",
      "<class 'numpy.ndarray'>\n",
      "<class 'numpy.ndarray'>\n",
      "<class 'numpy.ndarray'>\n",
      "<class 'numpy.ndarray'>\n",
      "<class 'numpy.ndarray'>\n",
      "<class 'numpy.ndarray'>\n",
      "<class 'numpy.ndarray'>\n",
      "<class 'numpy.ndarray'>\n",
      "<class 'numpy.ndarray'>\n",
      "<class 'numpy.ndarray'>\n",
      "<class 'numpy.ndarray'>\n",
      "<class 'numpy.ndarray'>\n",
      "<class 'numpy.ndarray'>\n",
      "<class 'numpy.ndarray'>\n",
      "<class 'numpy.ndarray'>\n",
      "<class 'numpy.ndarray'>\n",
      "<class 'numpy.ndarray'>\n",
      "<class 'numpy.ndarray'>\n",
      "<class 'numpy.ndarray'>\n",
      "<class 'numpy.ndarray'>\n",
      "<class 'numpy.ndarray'>\n",
      "<class 'numpy.ndarray'>\n",
      "<class 'numpy.ndarray'>\n",
      "<class 'numpy.ndarray'>\n",
      "<class 'numpy.ndarray'>\n",
      "<class 'numpy.ndarray'>\n",
      "<class 'numpy.ndarray'>\n",
      "<class 'numpy.ndarray'>\n",
      "<class 'numpy.ndarray'>\n",
      "<class 'numpy.ndarray'>\n",
      "<class 'numpy.ndarray'>\n",
      "<class 'numpy.ndarray'>\n",
      "<class 'numpy.ndarray'>\n",
      "<class 'numpy.ndarray'>\n",
      "<class 'numpy.ndarray'>\n",
      "<class 'numpy.ndarray'>\n",
      "<class 'numpy.ndarray'>\n",
      "<class 'numpy.ndarray'>\n",
      "<class 'numpy.ndarray'>\n",
      "<class 'numpy.ndarray'>\n",
      "<class 'numpy.ndarray'>\n",
      "<class 'numpy.ndarray'>\n",
      "<class 'numpy.ndarray'>\n",
      "<class 'numpy.ndarray'>\n",
      "<class 'numpy.ndarray'>\n",
      "<class 'numpy.ndarray'>\n",
      "<class 'numpy.ndarray'>\n",
      "<class 'numpy.ndarray'>\n",
      "<class 'numpy.ndarray'>\n",
      "<class 'numpy.ndarray'>\n",
      "<class 'numpy.ndarray'>\n",
      "<class 'numpy.ndarray'>\n",
      "<class 'numpy.ndarray'>\n",
      "<class 'numpy.ndarray'>\n",
      "<class 'numpy.ndarray'>\n",
      "<class 'numpy.ndarray'>\n",
      "<class 'numpy.ndarray'>\n",
      "<class 'numpy.ndarray'>\n",
      "<class 'numpy.ndarray'>\n",
      "<class 'numpy.ndarray'>\n",
      "<class 'numpy.ndarray'>\n",
      "<class 'numpy.ndarray'>\n",
      "<class 'numpy.ndarray'>\n",
      "<class 'numpy.ndarray'>\n",
      "<class 'numpy.ndarray'>\n",
      "<class 'numpy.ndarray'>\n",
      "<class 'numpy.ndarray'>\n",
      "<class 'numpy.ndarray'>\n",
      "<class 'numpy.ndarray'>\n",
      "<class 'numpy.ndarray'>\n",
      "<class 'numpy.ndarray'>\n",
      "<class 'numpy.ndarray'>\n",
      "<class 'numpy.ndarray'>\n",
      "<class 'numpy.ndarray'>\n",
      "<class 'numpy.ndarray'>\n",
      "<class 'numpy.ndarray'>\n",
      "<class 'numpy.ndarray'>\n",
      "<class 'numpy.ndarray'>\n",
      "<class 'numpy.ndarray'>\n",
      "<class 'numpy.ndarray'>\n",
      "<class 'numpy.ndarray'>\n",
      "104\n",
      "class1 misclassification error =  2.7777777777777857\n",
      "class2 misclassification error =  2.2727272727272663\n",
      "class3 misclassification error =  3.7037037037037095\n",
      "total misclassification error =  2.803738317757009\n",
      "107\n"
     ]
    }
   ],
   "source": [
    "print(inputTest)\n",
    "for i in range(total):\n",
    "    x = inputTest[i]    \n",
    "    x = np.append(1,x)    \n",
    "    x = x.reshape(1,D)    \n",
    "    values = np.dot(W.T,x.T)\n",
    "    values = values.T\n",
    "    values = values.flatten()\n",
    "    maxIndex = np.argmax(values)\n",
    "    if expectedOutputTest[i][maxIndex] == 1:\n",
    "        if maxIndex == 0:\n",
    "            class1Correct += 1\n",
    "        elif maxIndex == 1:\n",
    "            class2Correct += 1\n",
    "        elif maxIndex == 2:\n",
    "            class3Correct += 1\n",
    "        correctPredictionCol[i] = 1\n",
    "    predicted[i][maxIndex] = 1\n",
    "totalCorrect = class1Correct + class2Correct + class3Correct\n",
    "print(totalCorrect)\n",
    "totalAccuracy=totalCorrect/float(total)*100\n",
    "class1Accuracy = class1Correct/float(class1Total)*100\n",
    "class2Accuracy = class2Correct/float(class2Total)*100\n",
    "class3Accuracy = class3Correct/float(class3Total)*100\n",
    "print(\"class1 misclassification error = \", 100 - class1Accuracy)\n",
    "print(\"class2 misclassification error = \", 100 - class2Accuracy)\n",
    "print(\"class3 misclassification error = \", 100 - class3Accuracy)\n",
    "print(\"total misclassification error = \", 100 - totalAccuracy)\n",
    "print(total)"
   ]
  }
 ],
 "metadata": {
  "kernelspec": {
   "display_name": "Python 3",
   "language": "python",
   "name": "python3"
  },
  "language_info": {
   "codemirror_mode": {
    "name": "ipython",
    "version": 3
   },
   "file_extension": ".py",
   "mimetype": "text/x-python",
   "name": "python",
   "nbconvert_exporter": "python",
   "pygments_lexer": "ipython3",
   "version": "3.5.2"
  }
 },
 "nbformat": 4,
 "nbformat_minor": 2
}
